date,floor_price,opening_price,ceiling_price,volume,amount,closing_price
2000/01/04,1.03,1.03,1.05,262007.97,27283980.0,1.05
2000/01/05,1.03,1.04,1.05,252979.27,26297020.0,1.04
2000/01/06,1.03,1.03,1.06,584025.32,60786208.0,1.06
2000/01/07,1.06,1.06,1.12,1591830.4,172420640.0,1.1
2000/01/10,1.06,1.1,1.1,877587.32,94638216.0,1.08
2000/01/11,1.04,1.08,1.08,527746.71,55677388.0,1.05
2000/01/12,1.03,1.04,1.05,359062.59,37365764.0,1.03
2000/01/13,1.03,1.04,1.05,190665.7,19780984.0,1.03
2000/01/14,1.03,1.04,1.05,263861.07,27442712.0,1.04
2000/01/18,1.03,1.04,1.04,112347.63,11597268.0,1.03
2000/01/19,1.03,1.03,1.05,251455.16,26106228.0,1.04
2000/01/20,1.03,1.04,1.05,204050.0,21197948.0,1.04
2000/01/21,1.03,1.04,1.05,244041.53,25301708.0,1.03
2000/01/24,1.04,1.05,1.06,294235.27,30771856.0,1.05
2000/01/25,1.04,1.05,1.05,213425.9,22224708.0,1.04
2000/01/26,1.04,1.04,1.05,127902.29,13313796.0,1.05
2000/01/27,1.04,1.05,1.05,288940.16,30181292.0,1.05
2000/01/28,1.05,1.05,1.07,747354.44,79515704.0,1.06
2000/02/14,1.1,1.12,1.17,1529259.0,175536608.0,1.17
2000/02/15,1.22,1.22,1.29,2954437.0,376063904.0,1.25
2000/02/16,1.19,1.24,1.28,1666814.0,206165248.0,1.25
2000/02/17,1.18,1.28,1.36,1911316.0,243760448.0,1.24
2000/02/18,1.2,1.22,1.25,748224.0,91404000.0,1.25
2000/02/21,1.21,1.27,1.28,624361.0,77489040.0,1.22
2000/02/22,1.17,1.22,1.22,578888.0,69698216.0,1.17
2000/02/23,1.13,1.17,1.17,480305.0,55218536.0,1.14
2000/02/24,1.13,1.13,1.16,310201.0,35519700.0,1.16
2000/02/25,1.15,1.16,1.17,229395.0,26541356.0,1.17
2000/02/28,1.15,1.17,1.21,409768.0,48317632.0,1.21
2000/02/29,1.17,1.21,1.22,490735.59,58650840.0,1.2
2000/03/01,1.17,1.19,1.21,294764.0,34966780.0,1.19
2000/03/02,1.17,1.18,1.19,191108.0,22453780.0,1.18
2000/03/03,1.18,1.19,1.21,479572.0,57292600.0,1.2
2000/03/06,1.17,1.21,1.22,471825.0,56506220.0,1.18
2000/03/07,1.16,1.17,1.19,162195.0,19074507.0,1.18
2000/03/08,1.17,1.18,1.21,458400.0,54729552.0,1.2
2000/03/09,1.18,1.2,1.2,258934.28,30766404.0,1.2
2000/03/10,1.17,1.19,1.2,191228.0,22569740.0,1.18
2000/03/13,1.18,1.19,1.21,356871.0,42732056.0,1.2
2000/03/14,1.16,1.19,1.19,283610.0,33334588.0,1.18
2000/03/15,1.17,1.17,1.19,117282.0,13819789.0,1.18
2000/03/16,1.1,1.17,1.18,336032.0,38501580.0,1.1
2000/03/17,1.13,1.13,1.15,152180.0,17347576.0,1.15
2000/03/20,1.13,1.14,1.15,139414.0,15909676.0,1.14
2000/03/21,1.14,1.14,1.15,97620.0,11140096.0,1.15
2000/03/22,1.13,1.15,1.15,100932.0,11521914.0,1.15
2000/03/23,1.14,1.14,1.15,125099.0,14279057.0,1.15
2000/03/24,1.15,1.15,1.16,158062.0,18201100.0,1.16
2000/03/27,1.15,1.15,1.16,130563.0,15038732.0,1.16
2000/03/28,1.14,1.16,1.16,216060.0,24880338.0,1.15
2000/03/29,1.12,1.15,1.15,302023.0,34111328.0,1.14
2000/03/30,1.13,1.14,1.18,705158.01,81339408.0,1.16
2000/03/31,1.14,1.16,1.16,268050.28,30793544.0,1.15
2000/04/03,1.14,1.14,1.15,152038.09,17375832.0,1.15
2000/04/04,1.13,1.14,1.15,149109.11,16895488.0,1.13
2000/04/05,1.13,1.13,1.14,74490.5,8431404.0,1.13
2000/04/06,1.13,1.13,1.14,138145.0,15639401.0,1.14
2000/04/07,1.13,1.14,1.14,113957.0,12940124.0,1.13
2000/04/10,1.13,1.13,1.14,118632.0,13439841.0,1.13
2000/04/11,1.12,1.13,1.14,134018.13,15152894.0,1.14
2000/04/12,1.12,1.13,1.14,79521.7,8964843.0,1.13
2000/04/13,1.12,1.13,1.14,122624.34,13841823.0,1.14
2000/04/14,1.1,1.11,1.11,77744.0,8595340.0,1.11
2000/04/17,1.08,1.1,1.11,185781.0,20245348.0,1.08
2000/04/18,1.08,1.09,1.09,67115.0,7288023.0,1.09
2000/04/19,1.08,1.09,1.1,94355.16,10289818.0,1.1
2000/04/20,1.08,1.09,1.1,136446.01,14880614.0,1.09
2000/04/21,1.08,1.09,1.09,105749.13,11450656.0,1.08
2000/04/24,1.06,1.08,1.09,136755.0,14664407.0,1.07
2000/04/25,1.06,1.07,1.08,73453.67,7859217.0,1.08
2000/04/26,1.07,1.08,1.08,54129.0,5825612.0,1.08
2000/04/27,1.07,1.08,1.1,154680.0,16814594.0,1.09
2000/04/28,1.08,1.09,1.1,123616.19,13535002.0,1.1
2000/05/08,1.09,1.1,1.11,64248.0,7033859.0,1.09
2000/05/09,1.06,1.09,1.09,145641.0,15641126.0,1.07
2000/05/10,1.05,1.07,1.07,222373.0,23605248.0,1.06
2000/05/11,1.04,1.06,1.06,190158.0,19980074.0,1.05
2000/05/12,1.05,1.05,1.06,58938.0,6198541.0,1.06
2000/05/15,1.04,1.05,1.06,73158.0,7652141.0,1.05
2000/05/16,1.04,1.05,1.06,87599.0,9185723.0,1.06
2000/05/17,1.04,1.05,1.06,77091.0,8097500.0,1.05
2000/05/18,1.05,1.05,1.07,97321.76,10297021.0,1.07
2000/05/19,1.05,1.06,1.07,83594.0,8842448.0,1.06
2000/05/22,1.05,1.06,1.07,120133.7,12760365.0,1.07
2000/05/23,1.05,1.06,1.07,127162.64,13443319.0,1.06
2000/05/24,1.05,1.06,1.07,114991.15,12151433.0,1.06
2000/05/25,1.06,1.06,1.08,258452.54,27615924.0,1.08
2000/05/26,1.07,1.08,1.13,586697.0,64555080.0,1.12
2000/05/29,1.09,1.11,1.12,296129.16,32677822.0,1.1
2000/05/30,1.09,1.1,1.11,269243.0,29603012.0,1.11
2000/05/31,1.08,1.1,1.1,170247.72,18582268.0,1.09
2000/06/01,1.07,1.09,1.09,142647.0,15429956.0,1.08
2000/06/02,1.07,1.08,1.09,90172.0,9764050.0,1.08
2000/06/05,1.08,1.09,1.16,960968.6,108429568.0,1.14
2000/06/06,1.1,1.13,1.13,320749.98,35782176.0,1.12
2000/06/07,1.11,1.12,1.14,288292.0,32319400.0,1.12
2000/06/08,1.11,1.12,1.13,227355.0,25460510.0,1.12
2000/06/09,1.1,1.11,1.12,148428.96,16452223.0,1.11
2000/06/12,1.09,1.1,1.11,98553.0,10831733.0,1.1
2000/06/13,1.09,1.1,1.13,194008.38,21593900.0,1.12
2000/06/14,1.11,1.12,1.12,104012.7,11565635.0,1.11
2000/06/15,1.1,1.11,1.12,137960.0,15287373.0,1.11
2000/06/16,1.1,1.11,1.12,92084.0,10194822.0,1.11
2000/06/19,1.09,1.11,1.11,150146.0,16482030.0,1.09
2000/06/20,1.08,1.09,1.09,74886.0,8120251.0,1.09
2000/06/21,1.08,1.09,1.1,131036.04,14300508.0,1.1
2000/06/22,1.09,1.1,1.1,65215.0,7142307.0,1.1
2000/06/23,1.09,1.1,1.11,143397.42,15728925.0,1.11
2000/06/26,1.09,1.1,1.11,139664.0,15350247.0,1.11
2000/06/27,1.09,1.1,1.1,71340.0,7803684.0,1.1
2000/06/28,1.09,1.09,1.1,52277.0,5714209.0,1.1
2000/06/29,1.08,1.1,1.1,124064.0,13513405.0,1.08
2000/06/30,1.08,1.09,1.1,152831.45,16651892.0,1.09
2000/07/03,1.09,1.09,1.13,438824.0,48764688.0,1.12
2000/07/04,1.1,1.11,1.13,377241.0,42212852.0,1.12
2000/07/05,1.1,1.12,1.12,140244.0,15577996.0,1.11
2000/07/06,1.09,1.11,1.11,125676.0,13843966.0,1.1
2000/07/07,1.09,1.1,1.11,98605.0,10846867.0,1.1
2000/07/10,1.09,1.1,1.11,100764.0,11081076.0,1.1
2000/07/11,1.09,1.1,1.11,98924.51,10877135.0,1.11
2000/07/12,1.1,1.1,1.11,74401.4,8193532.0,1.1
2000/07/13,1.1,1.11,1.11,103037.0,11359351.0,1.11
2000/07/14,1.1,1.11,1.12,233552.07,25933836.0,1.12
2000/07/17,1.11,1.12,1.12,131365.5,14613520.0,1.11
2000/07/18,1.11,1.11,1.13,323836.04,36295624.0,1.13
2000/07/19,1.12,1.13,1.17,756525.12,87062424.0,1.16
2000/07/20,1.13,1.16,1.16,325690.85,37258948.0,1.14
2000/07/21,1.13,1.14,1.15,268661.0,30619340.0,1.14
2000/07/24,1.14,1.14,1.15,83688.33,9575574.0,1.15
2000/07/25,1.13,1.14,1.15,233182.06,26591284.0,1.14
2000/07/26,1.14,1.14,1.15,166725.7,19130426.0,1.15
2000/07/27,1.14,1.15,1.16,163467.28,18816202.0,1.15
2000/07/28,1.15,1.15,1.16,63482.69,7316009.0,1.15
2000/07/31,1.15,1.15,1.16,178937.14,20620024.0,1.15
2000/08/01,1.15,1.16,1.18,329033.69,38446920.0,1.17
2000/08/02,1.17,1.17,1.22,819678.37,98057728.0,1.2
2000/08/03,1.18,1.19,1.2,339798.0,40397900.0,1.18
2000/08/04,1.17,1.19,1.2,541525.32,64195672.0,1.18
2000/08/07,1.17,1.18,1.19,348163.28,41050368.0,1.19
2000/08/08,1.17,1.18,1.19,323224.0,38143600.0,1.19
2000/08/09,1.18,1.19,1.2,368760.0,43815300.0,1.2
2000/08/10,1.18,1.19,1.2,294441.75,35013436.0,1.2
2000/08/11,1.18,1.19,1.2,337030.0,40014600.0,1.19
2000/08/14,1.16,1.19,1.19,418094.0,49467500.0,1.17
2000/08/15,1.16,1.17,1.18,222619.0,26042200.0,1.17
2000/08/16,1.15,1.17,1.17,297732.0,34444532.0,1.16
2000/08/17,1.15,1.15,1.16,225626.0,26084738.0,1.16
2000/08/18,1.15,1.16,1.17,248806.61,28878830.0,1.17
2000/08/21,1.15,1.17,1.18,346579.28,40368004.0,1.17
2000/08/22,1.15,1.17,1.17,337430.0,39157432.0,1.17
2000/08/23,1.13,1.16,1.17,775258.0,89399696.0,1.16
2000/08/24,1.15,1.15,1.16,360111.0,41418700.0,1.16
2000/08/25,1.15,1.16,1.16,165643.0,19066000.0,1.16
2000/08/28,1.14,1.15,1.16,264754.0,30450700.0,1.16
2000/08/29,1.14,1.15,1.17,397029.0,45942000.0,1.17
2000/08/30,1.15,1.17,1.17,195684.0,22664400.0,1.16
2000/08/31,1.14,1.15,1.16,380185.37,43631540.0,1.14
2000/09/01,1.13,1.14,1.15,401264.0,45838100.0,1.15
2000/09/04,1.13,1.14,1.14,133591.6,15123886.0,1.14
2000/09/05,1.12,1.14,1.14,211716.0,23930174.0,1.13
2000/09/06,1.11,1.13,1.13,434359.0,48592600.0,1.11
2000/09/07,1.11,1.11,1.12,161173.0,17899700.0,1.12
2000/09/08,1.11,1.11,1.13,228629.0,25716200.0,1.13
2000/09/11,1.11,1.13,1.13,189553.0,21227700.0,1.13
2000/09/12,1.11,1.13,1.13,114766.0,12844500.0,1.12
2000/09/13,1.11,1.12,1.14,301167.51,33934244.0,1.13
2000/09/14,1.12,1.13,1.13,83802.0,9453800.0,1.13
2000/09/15,1.12,1.12,1.13,118662.0,13291600.0,1.13
2000/09/18,1.11,1.13,1.13,193213.94,21635478.0,1.12
2000/09/19,1.09,1.11,1.12,177687.2,19680156.0,1.09
2000/09/20,1.09,1.09,1.11,102546.0,11268000.0,1.1
2000/09/21,1.09,1.1,1.11,232062.0,25526900.0,1.1
2000/09/22,1.09,1.1,1.1,22598.0,2478500.0,1.09
2000/09/25,1.08,1.09,1.1,103208.1,11239178.0,1.09
2000/09/26,1.09,1.09,1.1,150872.52,16454186.0,1.1
2000/09/27,1.09,1.1,1.1,149076.51,16253312.0,1.1
2000/09/28,1.09,1.1,1.1,244974.0,26705800.0,1.1
2000/09/29,1.09,1.09,1.1,115288.02,12575080.0,1.09
2000/10/09,1.09,1.09,1.1,29812.0,3259300.0,1.1
2000/10/10,1.09,1.09,1.11,135461.0,14883200.0,1.11
2000/10/11,1.1,1.1,1.11,208969.0,22990200.0,1.11
2000/10/12,1.09,1.1,1.11,149302.42,16416265.0,1.1
2000/10/13,1.09,1.09,1.1,32843.0,3582200.0,1.09
2000/10/16,1.08,1.09,1.09,177317.09,19313336.0,1.09
2000/10/17,1.08,1.09,1.09,17823.0,1929036.0,1.09
2000/10/18,1.08,1.09,1.09,20499.0,2226000.0,1.09
2000/10/19,1.08,1.09,1.09,21111.0,2289800.0,1.09
2000/10/20,1.08,1.08,1.1,95551.0,10406900.0,1.1
2000/10/23,1.09,1.1,1.1,44476.0,4856100.0,1.1
2000/10/24,1.09,1.09,1.1,46558.0,5079600.0,1.09
2000/10/25,1.09,1.09,1.11,188392.0,20724500.0,1.11
2000/10/26,1.1,1.1,1.11,46552.0,5127300.0,1.11
2000/10/27,1.09,1.1,1.11,68188.0,7503900.0,1.1
2000/10/30,1.09,1.1,1.11,45115.0,4959400.0,1.1
2000/10/31,1.09,1.1,1.1,23647.0,2591800.0,1.09
2000/11/01,1.09,1.09,1.1,23993.0,2627500.0,1.1
2000/11/02,1.09,1.1,1.1,34095.0,3733500.0,1.1
2000/11/03,1.09,1.1,1.11,102011.0,11247100.0,1.11
2000/11/06,1.1,1.1,1.11,35884.0,3956400.0,1.11
2000/11/07,1.1,1.11,1.11,38519.0,4257200.0,1.1
2000/11/08,1.1,1.1,1.12,157664.0,17500600.0,1.11
2000/11/09,1.11,1.11,1.12,80270.0,8975700.0,1.12
2000/11/10,1.11,1.12,1.13,167919.0,18806000.0,1.12
2000/11/13,1.11,1.12,1.13,164906.0,18415000.0,1.13
2000/11/14,1.12,1.13,1.13,77011.0,8657900.0,1.12
2000/11/15,1.11,1.12,1.13,115368.0,12926400.0,1.12
2000/11/16,1.11,1.12,1.13,81940.0,9186100.0,1.12
2000/11/17,1.11,1.12,1.13,104953.35,11754358.0,1.12
2000/11/20,1.11,1.12,1.12,61629.43,6859327.0,1.11
2000/11/21,1.11,1.11,1.15,613851.52,69632920.0,1.15
2000/11/22,1.13,1.14,1.17,709994.19,81745024.0,1.15
2000/11/23,1.14,1.16,1.16,189222.52,21771710.0,1.15
2000/11/24,1.12,1.15,1.16,271462.72,30875770.0,1.13
2000/11/27,1.12,1.13,1.15,238941.5,27156914.0,1.15
2000/11/28,1.13,1.14,1.15,114801.18,13094424.0,1.15
2000/11/29,1.13,1.14,1.15,99272.41,11270638.0,1.14
2000/11/30,1.13,1.14,1.15,159946.27,18230086.0,1.14
2000/12/01,1.14,1.14,1.16,359793.41,41436792.0,1.16
2000/12/04,1.15,1.15,1.17,241523.38,28067200.0,1.17
2000/12/05,1.16,1.17,1.18,336755.19,39270448.0,1.17
2000/12/06,1.15,1.17,1.17,187670.17,21733274.0,1.16
2000/12/07,1.15,1.16,1.16,158164.06,18210892.0,1.16
2000/12/08,1.15,1.15,1.17,209286.01,24273164.0,1.16
2000/12/11,1.15,1.16,1.17,179592.2,20835722.0,1.16
2000/12/12,1.15,1.16,1.17,105026.21,12185916.0,1.17
2000/12/13,1.16,1.17,1.17,59712.0,6940224.0,1.17
2000/12/14,1.16,1.17,1.19,483854.0,56980476.0,1.18
2000/12/15,1.17,1.18,1.19,232741.19,27373944.0,1.17
2000/12/18,1.16,1.18,1.18,149858.0,17533704.0,1.17
2000/12/19,1.16,1.17,1.18,200947.0,23516852.0,1.18
2000/12/20,1.16,1.18,1.18,148932.0,17405930.0,1.17
2000/12/21,1.15,1.17,1.17,240602.06,27945768.0,1.17
2000/12/22,1.15,1.16,1.17,388601.47,44945352.0,1.16
2000/12/25,1.14,1.16,1.16,177712.48,20437990.0,1.14
2000/12/26,1.14,1.15,1.16,92482.0,10637240.0,1.16
2000/12/27,1.15,1.16,1.17,117001.0,13576248.0,1.17
2000/12/28,1.16,1.16,1.19,417604.0,49062608.0,1.19
2000/12/29,1.17,1.18,1.21,477573.0,56867700.0,1.21
2001/01/02,1.21,1.22,1.23,811510.28,97510743.0,1.21
2001/01/03,1.21,1.22,1.22,213889.2,25957756.0,1.21
2001/01/04,1.21,1.21,1.23,317899.0,38777588.0,1.22
2001/01/05,1.21,1.22,1.23,181815.99,22169056.0,1.22
2001/01/08,1.2,1.22,1.22,136575.0,16462813.0,1.2
2001/01/09,1.2,1.21,1.22,140730.47,17025522.0,1.22
2001/01/10,1.21,1.22,1.23,165465.0,20182048.0,1.23
2001/01/11,1.22,1.23,1.23,227799.01,27799858.0,1.23
2001/01/12,1.21,1.22,1.23,224503.06,27391924.0,1.22
2001/01/15,1.19,1.21,1.22,259473.09,31129480.0,1.2
2001/01/16,1.18,1.19,1.2,116844.0,13907997.0,1.2
2001/01/17,1.18,1.2,1.2,83932.15,9988272.0,1.19
2001/01/18,1.19,1.19,1.22,360466.22,43454540.0,1.22
2001/01/19,1.21,1.21,1.23,414690.41,50476340.0,1.22
2001/02/05,1.19,1.22,1.22,144629.44,17386980.0,1.2
2001/02/06,1.19,1.19,1.21,203866.0,24365004.0,1.2
2001/02/07,1.19,1.2,1.2,33802.0,4028415.0,1.19
2001/02/08,1.17,1.19,1.2,123481.0,14613775.0,1.17
2001/02/09,1.16,1.16,1.18,272851.19,31807022.0,1.18
2001/02/12,1.16,1.17,1.18,59075.0,6910985.0,1.18
2001/02/13,1.17,1.17,1.18,52716.32,6173118.0,1.18
2001/02/14,1.16,1.17,1.18,45317.0,5300876.0,1.18
2001/02/15,1.16,1.17,1.18,32163.0,3760595.0,1.17
2001/02/16,1.16,1.16,1.18,91537.0,10658271.0,1.18
2001/02/19,1.17,1.17,1.19,149392.0,17608944.0,1.19
2001/02/20,1.17,1.18,1.19,120274.0,14217796.0,1.18
2001/02/21,1.16,1.17,1.18,75360.0,8800371.0,1.16
2001/02/22,1.16,1.16,1.18,54564.0,6383143.0,1.17
2001/02/23,1.16,1.17,1.18,36295.45,4248541.0,1.18
2001/02/26,1.17,1.17,1.19,91836.0,10832955.0,1.19
2001/02/27,1.18,1.19,1.19,24790.0,2931252.0,1.18
2001/02/28,1.18,1.19,1.19,41227.0,4902204.0,1.19
2001/03/01,1.19,1.19,1.2,115119.22,13705780.0,1.2
2001/03/02,1.2,1.2,1.22,531238.88,64168380.0,1.22
2001/03/05,1.2,1.21,1.22,188490.64,22780222.0,1.21
2001/03/06,1.2,1.21,1.22,131884.2,15958581.0,1.22
2001/03/07,1.2,1.21,1.22,88197.0,10669296.0,1.21
2001/03/08,1.2,1.21,1.22,59741.0,7227805.0,1.22
2001/03/09,1.21,1.21,1.22,87148.0,10599800.0,1.22
2001/03/12,1.2,1.21,1.22,53110.0,6421829.0,1.21
2001/03/13,1.2,1.2,1.21,44709.63,5371080.0,1.21
2001/03/14,1.2,1.2,1.21,74707.0,9011228.0,1.21
2001/03/15,1.2,1.21,1.22,114415.64,13851489.0,1.22
2001/03/16,1.21,1.22,1.22,42383.4,5134546.0,1.21
2001/03/19,1.21,1.22,1.23,275995.47,33683952.0,1.23
2001/03/20,1.22,1.22,1.23,40683.0,4973800.0,1.23
2001/03/21,1.22,1.23,1.24,430148.0,52940688.0,1.24
2001/03/22,1.23,1.24,1.25,215235.78,26682312.0,1.24
2001/03/23,1.23,1.24,1.24,388940.0,47956248.0,1.23
2001/03/26,1.23,1.23,1.25,197477.33,24440270.0,1.24
2001/03/27,1.23,1.24,1.25,155625.45,19293150.0,1.24
2001/03/28,1.23,1.24,1.25,90026.0,11160300.0,1.24
2001/03/29,1.23,1.24,1.24,49946.0,6163979.0,1.23
2001/03/30,1.24,1.24,1.26,1164342.38,145758784.0,1.25
2001/04/02,1.26,1.26,1.28,1193672.38,151259792.0,1.28
2001/04/03,1.26,1.28,1.28,779226.0,99097200.0,1.28
2001/04/04,1.26,1.27,1.28,829557.0,105777000.0,1.27
2001/04/05,1.26,1.27,1.29,693077.0,88742704.0,1.29
2001/04/06,1.28,1.29,1.32,1602895.0,209556000.0,1.32
2001/04/09,1.04,1.06,1.07,1269907.0,134050096.0,1.04
2001/04/10,1.03,1.04,1.05,540364.0,55958200.0,1.04
2001/04/11,1.03,1.04,1.05,295019.0,30641100.0,1.04
2001/04/12,1.04,1.04,1.05,231024.14,24139128.0,1.05
2001/04/13,1.04,1.05,1.06,331400.0,34821300.0,1.06
2001/04/16,1.06,1.06,1.09,1008866.75,108460152.0,1.09
2001/04/17,1.08,1.09,1.13,1580792.4,174955552.0,1.13
2001/04/18,1.11,1.13,1.14,762540.0,85712704.0,1.12
2001/04/19,1.09,1.12,1.12,747456.99,82468615.0,1.11
2001/04/20,1.08,1.1,1.1,300911.5,32864884.0,1.09
2001/04/23,1.07,1.09,1.1,729493.63,78623168.0,1.08
2001/04/24,1.07,1.08,1.09,196472.0,21226588.0,1.09
2001/04/25,1.07,1.08,1.09,306329.5,32868610.0,1.07
2001/04/26,1.06,1.07,1.08,143930.0,15408607.0,1.07
2001/04/27,1.07,1.07,1.09,292560.0,31593200.0,1.08
2001/04/30,1.07,1.08,1.09,197718.0,21355258.0,1.08
2001/05/08,1.08,1.08,1.09,117895.16,12735212.0,1.08
2001/05/09,1.07,1.08,1.09,89583.0,9670369.0,1.08
2001/05/10,1.07,1.08,1.09,83538.0,9012300.0,1.08
2001/05/11,1.07,1.08,1.09,73572.0,7945000.0,1.09
2001/05/14,1.08,1.08,1.11,446738.01,48960984.0,1.11
2001/05/15,1.1,1.1,1.12,654705.56,72696776.0,1.11
2001/05/16,1.1,1.1,1.13,1010834.0,113170304.0,1.13
2001/05/17,1.12,1.12,1.17,1262741.0,144083873.0,1.16
2001/05/18,1.16,1.16,1.22,1242631.89,148096272.0,1.2
2001/05/21,1.17,1.2,1.21,757446.62,89681680.0,1.19
2001/05/22,1.17,1.18,1.19,300987.82,35456436.0,1.18
2001/05/23,1.17,1.18,1.19,461967.5,54501948.0,1.19
2001/05/24,1.17,1.18,1.18,146657.0,17262828.0,1.18
2001/05/25,1.16,1.18,1.18,158071.0,18482202.0,1.17
2001/05/28,1.14,1.16,1.17,299085.0,34471620.0,1.15
2001/05/29,1.14,1.14,1.16,166032.26,19041692.0,1.16
2001/05/30,1.15,1.15,1.19,259509.57,30300844.0,1.19
2001/05/31,1.17,1.19,1.19,176576.19,20862128.0,1.19
2001/06/01,1.17,1.18,1.19,236999.19,28006257.0,1.18
2001/06/04,1.18,1.18,1.19,313346.35,37011663.0,1.19
2001/06/05,1.18,1.19,1.2,390652.17,46489900.0,1.19
2001/06/06,1.18,1.18,1.21,548414.05,65741932.0,1.21
2001/06/07,1.19,1.2,1.21,359864.44,43444776.0,1.21
2001/06/08,1.18,1.2,1.21,345244.15,41269392.0,1.21
2001/06/11,1.18,1.2,1.2,291350.0,34656116.0,1.19
2001/06/12,1.18,1.19,1.2,145784.2,17341160.0,1.19
2001/06/13,1.18,1.19,1.2,139087.41,16557229.0,1.2
2001/06/14,1.18,1.19,1.2,161390.0,19156644.0,1.18
2001/06/15,1.17,1.18,1.19,125982.0,14852664.0,1.18
2001/06/18,1.15,1.18,1.18,281507.0,32773742.0,1.16
2001/06/19,1.15,1.16,1.16,77658.13,8957554.0,1.16
2001/06/20,1.15,1.16,1.16,113821.0,13120796.0,1.16
2001/06/21,1.15,1.15,1.18,264955.0,30902612.0,1.17
2001/06/22,1.16,1.17,1.18,209832.0,24552188.0,1.18
2001/06/25,1.17,1.18,1.18,113837.0,13334034.0,1.18
2001/06/26,1.17,1.18,1.18,46020.0,5400150.0,1.17
2001/06/27,1.16,1.17,1.18,155019.19,18137576.0,1.17
2001/06/28,1.16,1.17,1.18,203557.0,23819770.0,1.17
2001/06/29,1.17,1.17,1.2,712597.94,84752600.0,1.19
2001/07/02,1.19,1.19,1.21,608732.0,73149168.0,1.21
2001/07/03,1.2,1.21,1.25,1424805.64,174225216.0,1.23
2001/07/05,1.22,1.24,1.25,516084.94,63681240.0,1.23
2001/07/06,1.21,1.23,1.23,174900.3,21323234.0,1.22
2001/07/09,1.21,1.21,1.25,392647.0,48405688.0,1.24
2001/07/10,1.22,1.24,1.24,208934.12,25623235.0,1.24
2001/07/11,1.22,1.23,1.24,82941.0,10199784.0,1.23
2001/07/12,1.21,1.23,1.24,195687.02,23964440.0,1.23
2001/07/13,1.21,1.23,1.23,129844.0,15864275.0,1.22
2001/07/16,1.2,1.22,1.22,246842.35,29937824.0,1.22
2001/07/17,1.21,1.22,1.25,1032502.01,127160465.0,1.24
2001/07/18,1.22,1.24,1.24,298477.5,36739976.0,1.24
2001/07/19,1.21,1.23,1.24,363119.0,44504584.0,1.23
2001/07/20,1.22,1.23,1.24,207803.98,25520446.0,1.24
2001/07/23,1.22,1.23,1.24,110961.01,13644446.0,1.22
2001/07/24,1.22,1.22,1.24,256588.81,31559264.0,1.24
2001/07/25,1.21,1.23,1.24,244464.0,29955333.0,1.23
2001/07/26,1.21,1.22,1.22,203638.0,24791622.0,1.22
2001/07/27,1.17,1.22,1.22,223111.0,26710960.0,1.18
2001/07/30,1.11,1.17,1.17,229193.0,25983724.0,1.12
2001/07/31,1.11,1.11,1.18,275151.57,31298984.0,1.14
2001/08/01,1.12,1.14,1.16,187077.81,21302402.0,1.16
2001/08/02,1.12,1.16,1.16,174192.28,19770822.0,1.15
2001/08/03,1.13,1.13,1.15,75779.02,8608496.0,1.13
2001/08/06,1.08,1.13,1.13,226117.99,24848828.0,1.1
2001/08/07,1.09,1.1,1.11,107527.88,11806561.0,1.11
2001/08/08,1.09,1.1,1.1,58870.0,6439264.0,1.1
2001/08/09,1.09,1.1,1.11,52350.54,5769029.0,1.11
2001/08/10,1.11,1.11,1.13,183466.44,20529896.0,1.13
2001/08/13,1.11,1.12,1.13,108073.5,12105057.0,1.13
2001/08/14,1.1,1.12,1.13,94080.48,10495595.0,1.12
2001/08/15,1.1,1.11,1.12,74120.87,8227416.0,1.12
2001/08/16,1.1,1.12,1.12,49969.12,5541575.0,1.11
2001/08/17,1.1,1.11,1.12,46538.89,5156509.0,1.12
2001/08/20,1.1,1.12,1.12,42900.05,4763004.0,1.12
2001/08/21,1.1,1.11,1.12,34992.36,3885274.0,1.12
2001/08/22,1.09,1.11,1.11,69410.14,7641351.0,1.1
2001/08/23,1.09,1.1,1.11,42225.0,4638145.0,1.11
2001/08/24,1.09,1.1,1.11,86190.54,9427744.0,1.11
2001/08/27,1.07,1.09,1.1,77521.0,8378533.0,1.08
2001/08/28,1.06,1.06,1.08,115212.71,12284444.0,1.08
2001/08/29,1.07,1.07,1.09,105154.0,11339942.0,1.08
2001/08/30,1.07,1.08,1.08,20917.0,2250989.0,1.08
2001/08/31,1.07,1.08,1.09,75228.0,8126096.0,1.08
2001/09/03,1.06,1.08,1.08,120414.0,12860840.0,1.08
2001/09/04,1.07,1.07,1.09,147629.01,15907548.0,1.09
2001/09/05,1.07,1.09,1.09,130126.5,14056215.0,1.08
2001/09/06,1.07,1.08,1.1,290011.37,31603728.0,1.1
2001/09/07,1.07,1.1,1.1,152492.59,16543970.0,1.08
2001/09/10,1.06,1.07,1.09,176552.46,19012180.0,1.09
2001/09/11,1.07,1.08,1.1,220237.52,23978484.0,1.1
2001/09/12,1.07,1.09,1.11,310449.12,33920016.0,1.11
2001/09/13,1.1,1.1,1.12,229393.33,25404012.0,1.11
2001/09/14,1.09,1.1,1.11,122488.17,13437830.0,1.1
2001/09/17,1.08,1.09,1.1,50148.0,5425449.0,1.09
2001/09/18,1.08,1.08,1.1,49865.1,5430022.0,1.09
2001/09/19,1.08,1.09,1.1,140577.2,15268177.0,1.1
2001/09/20,1.08,1.09,1.1,153559.0,16738597.0,1.09
2001/09/21,1.08,1.09,1.1,111243.07,12124650.0,1.09
2001/09/24,1.09,1.09,1.1,168020.6,18303121.0,1.1
2001/09/25,1.09,1.1,1.11,234717.75,25795480.0,1.1
2001/09/26,1.09,1.1,1.11,161108.86,17697273.0,1.1
2001/09/27,1.08,1.1,1.1,66155.31,7237390.0,1.1
2001/09/28,1.09,1.1,1.11,33216.5,3653815.0,1.11
2001/10/08,1.08,1.1,1.1,38393.0,4188676.0,1.09
2001/10/09,1.08,1.09,1.1,21338.0,2323708.0,1.1
2001/10/10,1.08,1.1,1.1,75948.0,8207160.0,1.09
2001/10/11,1.06,1.08,1.08,97917.68,10446125.0,1.08
2001/10/12,1.05,1.07,1.09,152465.38,16367508.0,1.09
2001/10/15,1.07,1.07,1.08,23057.05,2467104.0,1.08
2001/10/16,1.04,1.07,1.08,133776.0,14190400.0,1.05
2001/10/17,1.02,1.04,1.06,314595.0,32615900.0,1.06
2001/10/18,1.03,1.04,1.06,152892.02,15976953.0,1.06
2001/10/19,1.0,1.04,1.04,199022.0,20239700.0,1.03
2001/10/23,1.02,1.02,1.11,1371570.0,149064904.0,1.11
2001/10/24,1.04,1.09,1.09,599830.25,63849440.0,1.06
2001/10/25,1.02,1.06,1.06,160554.02,16605187.0,1.02
2001/10/26,1.0,1.02,1.03,92090.71,9347398.0,1.02
2001/10/29,1.01,1.02,1.04,163351.59,16731913.0,1.04
2001/10/30,1.03,1.03,1.05,185056.5,19202280.0,1.04
2001/10/31,1.02,1.04,1.04,49754.99,5131399.0,1.04
2001/11/01,1.03,1.04,1.06,317307.63,33279930.0,1.05
2001/11/02,1.04,1.05,1.06,174221.16,18298148.0,1.06
2001/11/05,1.03,1.05,1.06,137083.0,14340129.0,1.05
2001/11/06,1.03,1.04,1.05,29430.07,3061188.0,1.05
2001/11/07,1.01,1.04,1.05,127790.0,13118313.0,1.02
2001/11/08,1.0,1.01,1.03,102204.0,10359420.0,1.02
2001/11/09,1.0,1.02,1.03,354193.01,36113936.0,1.03
2001/11/12,1.01,1.02,1.03,44168.0,4496727.0,1.02
2001/11/13,1.01,1.01,1.02,18680.0,1887399.0,1.01
2001/11/14,1.01,1.02,1.03,65629.0,6693561.0,1.03
2001/11/15,1.02,1.03,1.03,54140.0,5575032.0,1.03
2001/11/16,1.02,1.05,1.07,142990.0,14936071.0,1.03
2001/11/19,1.02,1.03,1.05,83333.95,8655947.0,1.05
2001/11/20,1.04,1.04,1.05,32024.0,3352679.0,1.05
2001/11/21,1.03,1.04,1.05,87396.67,9100077.0,1.04
2001/11/22,1.03,1.04,1.05,84477.0,8742905.0,1.04
2001/11/23,1.03,1.04,1.04,46147.18,4768390.0,1.04
2001/11/26,1.02,1.04,1.04,53028.0,5440141.0,1.03
2001/11/27,1.02,1.02,1.03,15170.5,1557038.0,1.03
2001/11/28,1.03,1.03,1.04,93289.5,9611536.0,1.04
2001/11/29,1.02,1.03,1.04,52247.49,5379975.0,1.04
2001/11/30,1.03,1.03,1.04,37514.99,3865895.0,1.04
2001/12/03,1.03,1.04,1.05,211594.5,22006492.0,1.04
2001/12/04,1.03,1.04,1.05,37234.0,3870506.0,1.04
2001/12/05,1.02,1.04,1.05,199518.01,20605808.0,1.03
2001/12/06,1.02,1.03,1.03,128809.59,13142518.0,1.02
2001/12/07,1.02,1.03,1.03,14177.0,1451482.0,1.03
2001/12/10,1.02,1.03,1.03,35481.0,3634635.0,1.03
2001/12/11,1.02,1.02,1.03,21015.48,2145486.0,1.02
2001/12/12,1.01,1.02,1.02,49277.0,5014575.0,1.02
2001/12/13,1.01,1.02,1.02,18103.0,1830997.0,1.01
2001/12/14,1.0,1.01,1.02,37952.62,3830013.0,1.02
2001/12/17,1.0,1.01,1.02,27987.0,2826207.0,1.02
2001/12/18,1.0,1.01,1.01,24826.2,2495452.0,1.01
2001/12/19,1.0,1.01,1.01,20964.0,2106141.0,1.01
2001/12/20,0.99,1.0,1.01,42776.0,4271191.0,1.0
2001/12/21,0.98,1.0,1.0,42882.01,4241666.0,1.0
2001/12/24,0.97,0.99,0.99,25373.0,2489719.0,0.98
2001/12/25,0.96,0.97,0.99,44059.0,4297689.0,0.99
2001/12/26,0.97,0.98,0.99,23275.87,2300312.0,0.99
2001/12/27,0.98,0.99,0.99,27993.0,2770891.0,0.98
2001/12/28,0.98,0.99,1.0,94240.0,9315143.0,1.0
2001/12/31,0.99,0.99,1.0,16845.0,1680696.0,1.0
2002/01/04,0.99,1.0,1.01,63465.93,6300039.0,0.99
2002/01/07,0.98,1.0,1.0,19183.93,1898866.0,0.99
2002/01/08,0.98,0.99,1.0,15275.0,1514778.0,0.98
2002/01/09,0.98,0.98,1.0,154933.81,15337405.0,0.99
2002/01/10,0.98,0.99,1.0,268838.97,26817342.0,0.99
2002/01/11,0.98,1.0,1.0,19277.93,1908996.0,0.98
2002/01/14,0.96,0.98,0.99,67250.01,6567762.0,0.97
2002/01/15,0.95,0.96,0.97,41463.09,4007893.0,0.97
2002/01/16,0.96,0.96,0.99,66487.01,6473981.0,0.98
2002/01/17,0.96,0.98,0.98,34189.05,3309498.0,0.97
2002/01/18,0.93,0.96,0.97,115721.5,10994497.0,0.97
2002/01/21,0.9,0.95,0.95,46248.0,4282357.0,0.91
2002/01/22,0.89,0.9,0.92,59389.0,5366444.0,0.89
2002/01/23,0.87,0.89,0.92,143085.2,12718312.0,0.92
2002/01/24,0.89,0.91,0.92,67266.32,6087668.0,0.91
2002/01/25,0.89,0.9,0.91,39249.0,3533409.0,0.91
2002/01/28,0.87,0.91,0.91,33860.7,2995631.0,0.87
2002/01/29,0.86,0.87,0.89,23833.7,2093813.0,0.89
2002/01/30,0.87,0.88,0.89,11413.0,1004713.0,0.88
2002/01/31,0.88,0.88,0.93,126554.9,11583630.0,0.93
2002/02/01,0.91,0.93,0.94,87525.5,8099808.0,0.93
2002/02/04,0.92,0.92,0.95,48198.73,4511450.0,0.95
2002/02/05,0.94,0.94,0.98,157058.26,15088908.0,0.98
2002/02/06,0.95,0.97,0.98,109407.99,10560160.0,0.96
2002/02/07,0.96,0.96,0.98,50543.25,4900810.0,0.97
2002/02/08,0.97,0.98,0.99,54816.84,5383078.0,0.98
2002/02/25,0.98,0.99,1.0,95396.0,9455185.0,0.99
2002/02/26,0.98,0.98,1.01,87898.1,8747575.0,1.0
2002/02/27,1.0,1.0,1.02,85519.0,8657171.0,1.02
2002/02/28,1.01,1.02,1.02,20748.0,2096825.0,1.01
2002/03/01,1.0,1.01,1.01,46760.0,4719023.0,1.0
2002/03/04,1.0,1.0,1.01,86878.0,8688406.0,1.0
2002/03/05,1.0,1.0,1.02,77433.02,7819354.0,1.01
2002/03/06,1.01,1.01,1.03,176367.08,17967466.0,1.03
2002/03/07,1.02,1.02,1.05,206686.0,21497664.0,1.05
2002/03/08,1.04,1.05,1.06,192223.0,20181320.0,1.06
2002/03/11,1.05,1.06,1.1,408547.59,43959768.0,1.1
2002/03/12,1.08,1.1,1.1,350403.03,38388576.0,1.09
2002/03/13,1.07,1.09,1.09,84099.5,9085057.0,1.08
2002/03/14,1.08,1.08,1.09,54065.64,5880143.0,1.09
2002/03/15,1.08,1.09,1.09,81132.02,8799510.0,1.09
2002/03/18,1.08,1.09,1.1,143329.99,15721428.0,1.1
2002/03/19,1.09,1.09,1.12,74118.48,8218774.0,1.11
2002/03/20,1.1,1.12,1.12,71387.0,7975903.0,1.1
2002/03/21,1.1,1.1,1.12,76989.4,8536447.0,1.11
2002/03/22,1.1,1.1,1.11,53590.0,5895405.0,1.1
2002/03/25,1.1,1.1,1.11,26004.12,2860653.0,1.1
2002/03/26,1.09,1.1,1.11,144967.03,15946238.0,1.1
2002/03/27,1.1,1.1,1.13,175689.27,19694404.0,1.13
2002/03/28,1.12,1.13,1.15,79407.68,9004462.0,1.15
2002/03/29,1.12,1.15,1.18,130263.31,14958756.0,1.12
2002/04/01,1.11,1.13,1.14,56215.33,6351076.0,1.14
2002/04/02,1.13,1.14,1.15,114369.71,13043904.0,1.15
2002/04/03,1.13,1.15,1.15,50607.05,5780803.0,1.15
2002/04/04,1.14,1.14,1.18,165354.29,19236138.0,1.17
2002/04/05,1.17,1.17,1.19,103098.27,12110968.0,1.18
2002/04/08,1.16,1.17,1.18,24493.0,2865581.0,1.17
2002/04/09,1.16,1.17,1.18,25612.0,2989634.0,1.17
2002/04/10,1.15,1.17,1.17,25867.0,2992086.0,1.15
2002/04/11,1.16,1.16,1.18,49367.39,5754571.0,1.18
2002/04/12,1.16,1.17,1.19,64927.89,7637774.0,1.19
2002/04/15,1.18,1.18,1.21,363373.25,43548404.0,1.21
2002/04/16,1.2,1.2,1.24,347480.15,42371696.0,1.24
2002/04/17,1.2,1.23,1.24,123387.11,14994183.0,1.21
2002/04/18,1.15,1.19,1.21,152123.95,17846612.0,1.16
2002/04/19,1.14,1.16,1.18,100823.0,11609176.0,1.18
2002/04/22,1.16,1.17,1.19,49720.0,5859671.0,1.19
2002/04/23,1.17,1.18,1.21,56542.61,6765072.0,1.21
2002/04/24,1.2,1.2,1.23,461083.7,56066224.0,1.23
2002/04/25,1.19,1.22,1.22,80908.0,9719882.0,1.2
2002/04/26,1.17,1.19,1.2,45981.0,5432815.0,1.18
2002/04/29,1.14,1.17,1.17,200034.84,22926592.0,1.14
2002/04/30,1.14,1.14,1.15,90870.7,10378686.0,1.15
2002/05/08,1.15,1.15,1.16,50282.0,5783670.0,1.15
2002/05/09,1.14,1.15,1.16,30731.0,3533876.0,1.15
2002/05/10,1.15,1.15,1.16,34355.0,3952490.0,1.16
2002/05/13,1.15,1.16,1.16,15194.6,1748634.0,1.15
2002/05/14,1.15,1.15,1.18,50128.0,5836201.0,1.18
2002/05/15,1.15,1.17,1.17,39664.01,4591556.0,1.15
2002/05/16,1.14,1.15,1.16,51270.0,5883853.0,1.15
2002/05/17,1.14,1.14,1.16,32636.0,3774753.0,1.16
2002/05/20,1.15,1.15,1.16,25351.11,2929687.0,1.16
2002/05/21,1.16,1.16,1.18,36731.16,4294253.0,1.18
2002/05/22,1.15,1.17,1.17,16399.0,1893221.0,1.16
2002/05/23,1.13,1.15,1.16,98274.0,11245156.0,1.16
2002/05/24,1.14,1.15,1.16,37642.67,4337512.0,1.16
2002/05/27,1.14,1.15,1.16,64951.0,7455916.0,1.15
2002/05/28,1.14,1.14,1.16,61987.0,7096234.0,1.16
2002/05/29,1.14,1.15,1.16,28564.0,3286524.0,1.16
2002/05/30,1.15,1.15,1.16,35006.5,4027796.0,1.15
2002/05/31,1.15,1.15,1.16,23238.0,2683106.0,1.16
2002/06/03,1.15,1.15,1.16,13075.0,1503643.0,1.15
2002/06/04,1.15,1.15,1.17,43859.5,5084362.0,1.17
2002/06/05,1.15,1.16,1.17,57340.41,6652115.0,1.16
2002/06/06,1.16,1.16,1.18,59168.41,6906418.0,1.18
2002/06/07,1.16,1.17,1.18,66820.41,7830780.0,1.18
2002/06/10,1.16,1.17,1.17,25749.64,2994885.0,1.16
2002/06/11,1.16,1.16,1.18,33029.3,3862925.0,1.18
2002/06/12,1.17,1.17,1.22,141855.92,16907278.0,1.19
2002/06/13,1.16,1.18,1.19,113968.81,13361598.0,1.17
2002/06/14,1.16,1.16,1.17,31034.0,3600138.0,1.16
2002/06/17,1.15,1.16,1.16,62828.0,7267090.0,1.15
2002/06/18,1.15,1.15,1.16,33108.0,3821309.0,1.16
2002/06/19,1.14,1.16,1.16,43892.9,5045899.0,1.15
2002/06/20,1.14,1.15,1.15,25244.4,2900882.0,1.15
2002/06/21,1.14,1.15,1.16,56998.0,6548566.0,1.16
2002/06/24,1.15,1.18,1.28,813158.56,98836400.0,1.23
2002/06/25,1.17,1.2,1.2,181400.16,21410296.0,1.17
2002/06/26,1.16,1.17,1.19,204913.0,24116000.0,1.19
2002/06/27,1.17,1.18,1.18,56181.95,6599679.0,1.18
2002/06/28,1.17,1.17,1.18,88022.35,10333125.0,1.17
2002/07/01,1.16,1.17,1.18,72908.78,8529227.0,1.18
2002/07/02,1.16,1.17,1.18,49998.55,5843676.0,1.18
2002/07/03,1.16,1.17,1.17,9227.0,1072340.0,1.16
2002/07/04,1.16,1.16,1.17,28052.94,3256550.0,1.17
2002/07/05,1.13,1.16,1.16,132012.0,15096607.0,1.15
2002/07/08,1.13,1.14,1.14,53750.0,6081620.0,1.13
2002/07/09,1.14,1.14,1.18,187028.0,21747288.0,1.17
2002/07/10,1.17,1.17,1.2,187700.72,22223452.0,1.2
2002/07/11,1.18,1.18,1.2,44411.7,5270444.0,1.2
2002/07/12,1.19,1.19,1.21,65330.0,7831790.0,1.21
2002/07/15,1.19,1.21,1.21,34532.0,4137244.0,1.2
2002/07/16,1.19,1.19,1.2,31279.0,3744912.0,1.2
2002/07/17,1.18,1.19,1.2,68189.0,8136411.0,1.2
2002/07/18,1.18,1.19,1.2,12562.0,1492344.0,1.18
2002/07/19,1.17,1.18,1.19,22139.0,2618721.0,1.17
2002/07/22,1.15,1.18,1.18,10476.55,1215954.0,1.16
2002/07/23,1.15,1.16,1.17,6013.99,696941.0,1.15
2002/07/24,1.15,1.15,1.18,8756.05,1021657.0,1.17
2002/07/25,1.16,1.17,1.17,5940.99,692171.0,1.17
2002/07/26,1.14,1.16,1.17,42279.0,4867122.0,1.17
2002/07/29,1.14,1.16,1.16,64632.0,7375030.0,1.15
2002/07/30,1.14,1.15,1.15,11387.0,1300077.0,1.15
2002/07/31,1.13,1.14,1.15,82592.0,9410979.0,1.15
2002/08/01,1.13,1.14,1.15,80994.89,9236731.0,1.15
2002/08/02,1.13,1.14,1.15,12816.0,1462816.0,1.15
2002/08/05,1.13,1.15,1.15,7768.0,885268.0,1.13
2002/08/06,1.12,1.14,1.14,90404.5,10221452.0,1.14
2002/08/07,1.12,1.13,1.13,47363.0,5309748.0,1.13
2002/08/08,1.1,1.12,1.13,67092.0,7458607.0,1.1
2002/08/09,1.1,1.1,1.11,11616.0,1279781.0,1.1
2002/08/12,1.1,1.1,1.11,18376.0,2030070.0,1.11
2002/08/13,1.1,1.1,1.11,16751.0,1855218.0,1.11
2002/08/14,1.1,1.1,1.11,32326.05,3567114.0,1.11
2002/08/15,1.1,1.1,1.11,7232.99,796523.0,1.11
2002/08/16,1.1,1.1,1.12,207751.0,23044534.0,1.11
2002/08/19,1.1,1.11,1.11,3903.0,429915.0,1.11
2002/08/20,1.1,1.1,1.12,12387.99,1373984.0,1.12
2002/08/21,1.1,1.12,1.12,23111.0,2553599.0,1.1
2002/08/22,1.1,1.11,1.12,16674.04,1846912.0,1.12
2002/08/23,1.1,1.11,1.12,10126.0,1123977.0,1.11
2002/08/26,1.1,1.11,1.11,12246.5,1353776.0,1.11
2002/08/27,1.1,1.11,1.11,8993.0,989869.0,1.1
2002/08/28,1.09,1.1,1.11,34949.0,3844138.0,1.09
2002/08/29,1.09,1.1,1.1,1276.0,139684.0,1.09
2002/08/30,1.08,1.09,1.1,30775.99,3356968.0,1.1
2002/09/02,1.08,1.1,1.1,21962.0,2382221.0,1.09
2002/09/03,1.09,1.09,1.1,26728.0,2926648.0,1.1
2002/09/04,1.09,1.1,1.11,53180.73,5849575.0,1.1
2002/09/05,1.09,1.1,1.11,16287.3,1791758.0,1.1
2002/09/06,1.09,1.1,1.12,20559.03,2277984.0,1.11
2002/09/09,1.1,1.11,1.12,19720.33,2188113.0,1.11
2002/09/10,1.1,1.11,1.11,1596.0,176221.0,1.1
2002/09/11,1.1,1.1,1.11,4393.0,483232.0,1.1
2002/09/12,1.1,1.1,1.11,2137.0,235210.0,1.1
2002/09/13,1.1,1.1,1.11,3079.0,338691.0,1.1
2002/09/16,1.1,1.1,1.11,46532.0,5162038.0,1.11
2002/09/17,1.1,1.11,1.11,6314.0,696478.0,1.1
2002/09/18,1.1,1.1,1.11,5788.0,636778.0,1.1
2002/09/19,1.09,1.1,1.1,4490.5,490426.0,1.1
2002/09/20,1.08,1.09,1.1,4562.0,497032.0,1.1
2002/09/23,1.09,1.09,1.1,3550.0,387032.0,1.1
2002/09/24,1.08,1.09,1.1,19816.0,2160190.0,1.1
2002/09/25,1.08,1.09,1.09,11238.0,1215647.0,1.09
2002/09/26,1.08,1.08,1.09,134308.0,14633061.0,1.09
2002/09/27,1.08,1.09,1.09,2470.0,267683.0,1.08
2002/10/08,1.08,1.08,1.09,3548.0,383455.0,1.09
2002/10/09,1.08,1.08,1.09,8350.0,902076.0,1.08
2002/10/10,1.08,1.08,1.09,9226.0,996888.0,1.09
2002/10/11,1.08,1.08,1.09,23307.0,2517594.0,1.09
2002/10/14,1.08,1.08,1.09,41449.03,4477557.0,1.09
2002/10/15,1.07,1.08,1.09,45351.0,4899243.0,1.09
2002/10/16,1.08,1.08,1.09,25954.08,2803294.0,1.09
2002/10/17,1.08,1.09,1.09,32216.0,3479573.0,1.09
2002/10/18,1.08,1.08,1.09,32601.0,3521076.0,1.09
2002/10/21,1.08,1.08,1.09,35861.5,3873134.0,1.09
2002/10/22,1.08,1.08,1.09,36253.0,3920314.0,1.09
2002/10/23,1.08,1.08,1.09,38449.08,4152855.0,1.09
2002/10/24,1.07,1.08,1.09,59869.08,6461616.0,1.08
2002/10/25,1.05,1.08,1.08,237435.58,25163288.0,1.06
2002/10/28,0.95,1.0,1.05,470090.44,45656476.0,1.0
2002/10/29,0.9,0.95,0.95,1061923.76,96674152.0,0.94
2002/10/30,0.86,0.88,0.91,3250801.52,286186688.0,0.89
2002/10/31,0.85,0.87,0.88,3370839.26,291297664.0,0.88
2002/11/01,0.86,0.87,0.88,1509602.01,130247472.0,0.86
2002/11/04,0.85,0.86,0.87,807056.06,69425696.0,0.87
2002/11/05,0.86,0.87,0.88,1499639.02,131048183.0,0.88
2002/11/06,0.87,0.88,0.88,475927.69,41593248.0,0.87
2002/11/07,0.86,0.87,0.88,862345.51,75322904.0,0.88
2002/11/08,0.86,0.88,0.89,936214.82,81594736.0,0.86
2002/11/11,0.85,0.86,0.87,399674.5,34375960.0,0.85
2002/11/12,0.84,0.86,0.87,564443.38,48077276.0,0.85
2002/11/13,0.83,0.85,0.85,433013.98,36344700.0,0.84
2002/11/14,0.83,0.84,0.85,229428.94,19247636.0,0.83
2002/11/15,0.83,0.83,0.85,371248.0,31167112.0,0.84
2002/11/18,0.83,0.84,0.84,63120.54,5259812.0,0.83
2002/11/19,0.82,0.84,0.84,189693.55,15772145.0,0.84
2002/11/20,0.82,0.84,0.84,211109.0,17498588.0,0.82
2002/11/21,0.79,0.82,0.82,339750.19,27433916.0,0.79
2002/11/22,0.79,0.79,0.81,539427.81,43124756.0,0.8
2002/11/25,0.79,0.8,0.81,195906.0,15666664.0,0.81
2002/11/26,0.78,0.8,0.81,246141.57,19595576.0,0.79
2002/11/27,0.77,0.78,0.79,233780.2,18210484.0,0.78
2002/11/28,0.77,0.78,0.8,299570.88,23654388.0,0.8
2002/11/29,0.79,0.79,0.84,982631.64,80203888.0,0.82
2002/12/02,0.79,0.82,0.82,397881.0,31951396.0,0.8
2002/12/03,0.79,0.79,0.81,220194.72,17604896.0,0.81
2002/12/04,0.8,0.8,0.82,230033.57,18594278.0,0.81
2002/12/05,0.79,0.8,0.81,222118.56,17765232.0,0.8
2002/12/06,0.79,0.8,0.81,124588.82,9962631.0,0.8
2002/12/09,0.79,0.8,0.81,141570.77,11326686.0,0.8
2002/12/10,0.79,0.8,0.81,114833.0,9177305.0,0.8
2002/12/11,0.78,0.79,0.8,150510.48,11893586.0,0.79
2002/12/12,0.79,0.79,0.8,86394.5,6860724.0,0.8
2002/12/13,0.78,0.79,0.8,130130.0,10299500.0,0.8
2002/12/16,0.79,0.79,0.81,246767.06,19736260.0,0.8
2002/12/17,0.79,0.8,0.81,178454.2,14276359.0,0.81
2002/12/18,0.79,0.8,0.81,186336.55,14912543.0,0.8
2002/12/19,0.79,0.8,0.8,90843.0,7209806.0,0.8
2002/12/20,0.79,0.8,0.81,201867.05,16127612.0,0.81
2002/12/23,0.8,0.8,0.82,397517.0,32196018.0,0.81
2002/12/24,0.8,0.81,0.81,67640.0,5472486.0,0.81
2002/12/25,0.8,0.81,0.82,183069.66,14818968.0,0.81
2002/12/26,0.78,0.8,0.81,392113.0,31109600.0,0.79
2002/12/27,0.78,0.79,0.79,186401.02,14633325.0,0.79
2002/12/30,0.77,0.79,0.79,230296.02,17973068.0,0.78
2002/12/31,0.77,0.78,0.79,285955.0,22301024.0,0.77
2003/01/02,0.75,0.77,0.78,206702.91,16092933.5,0.75
2003/01/03,0.74,0.75,0.75,152925.0,11399459.0,0.75
2003/01/06,0.74,0.74,0.76,147906.99,11070152.0,0.75
2003/01/07,0.74,0.75,0.76,68010.0,5100558.0,0.75
2003/01/08,0.74,0.75,0.77,153985.59,11687776.0,0.77
2003/01/09,0.76,0.77,0.78,297748.65,22921568.0,0.78
2003/01/10,0.76,0.78,0.78,215162.88,16592279.0,0.77
2003/01/13,0.77,0.77,0.78,130666.7,10066035.0,0.77
2003/01/14,0.77,0.77,0.83,1291881.64,103887808.0,0.82
2003/01/15,0.81,0.82,0.83,1085459.0,89564128.0,0.83
2003/01/16,0.81,0.83,0.84,684480.57,56536432.0,0.83
2003/01/17,0.82,0.84,0.84,727797.69,59977020.0,0.83
2003/01/20,0.82,0.83,0.86,1552399.0,130684968.0,0.85
2003/01/21,0.82,0.85,0.85,709232.0,59304960.0,0.82
2003/01/22,0.81,0.82,0.83,362007.09,29627736.0,0.82
2003/01/23,0.81,0.82,0.83,218706.94,17871240.0,0.82
2003/01/24,0.81,0.81,0.83,279187.85,22925324.0,0.83
2003/01/27,0.82,0.82,0.84,373374.41,30990168.0,0.84
2003/01/28,0.82,0.84,0.84,206643.52,17152186.0,0.83
2003/01/29,0.83,0.83,0.84,196207.3,16336146.0,0.83
2003/02/17,0.82,0.83,0.84,119746.88,9888829.0,0.83
2003/02/18,0.82,0.83,0.83,93572.0,7677890.0,0.83
2003/02/19,0.82,0.83,0.85,467753.75,39120660.0,0.84
2003/02/20,0.83,0.83,0.84,158288.84,13152743.0,0.83
2003/02/21,0.82,0.83,0.84,318625.01,26297048.0,0.82
2003/02/24,0.82,0.82,0.83,44063.0,3631478.0,0.83
2003/02/25,0.83,0.83,0.84,229134.05,19086006.0,0.84
2003/02/26,0.83,0.84,0.84,92144.0,7711417.0,0.84
2003/02/27,0.83,0.83,0.85,744164.53,62507208.0,0.85
2003/02/28,0.83,0.84,0.85,257629.3,21649236.0,0.85
2003/03/03,0.835,0.841,0.844,181826.64,15232600.0,0.84
2003/03/04,0.833,0.84,0.841,249863.0,20908792.0,0.836
2003/03/05,0.83,0.836,0.836,311085.98,25910876.0,0.832
2003/03/06,0.82,0.832,0.834,206550.7,17088624.0,0.821
2003/03/07,0.821,0.821,0.825,246073.22,20243028.0,0.822
2003/03/10,0.809,0.821,0.822,187812.26,15286922.0,0.81
2003/03/11,0.81,0.81,0.813,134809.56,10937270.0,0.812
2003/03/12,0.809,0.811,0.815,165624.28,13437780.0,0.814
2003/03/13,0.81,0.814,0.814,96475.0,7824441.0,0.81
2003/03/14,0.808,0.809,0.81,94489.0,7642493.0,0.809
2003/03/17,0.801,0.809,0.809,79811.4,6413902.0,0.805
2003/03/18,0.8,0.804,0.807,103376.0,8314609.0,0.8
2003/03/19,0.797,0.8,0.803,91934.13,7352072.0,0.801
2003/03/20,0.799,0.8,0.802,68818.0,5510121.0,0.8
2003/03/21,0.799,0.8,0.821,231837.44,18822006.0,0.82
2003/03/24,0.8,0.817,0.817,156195.31,12579597.0,0.807
2003/03/25,0.801,0.807,0.807,56599.0,4547281.0,0.802
2003/03/26,0.799,0.8,0.803,68828.15,5512133.0,0.8
2003/03/27,0.795,0.799,0.819,131440.0,10603976.0,0.814
2003/03/28,0.81,0.814,0.818,100527.17,8177654.0,0.811
2003/03/31,0.81,0.812,0.82,94865.45,7746851.79,0.818
2003/04/01,0.815,0.818,0.824,159012.0,13038300.0,0.822
2003/04/02,0.818,0.822,0.822,119659.0,9807900.0,0.819
2003/04/03,0.817,0.819,0.822,109151.0,8942400.0,0.819
2003/04/04,0.818,0.824,0.825,110290.0,9062100.0,0.824
2003/04/07,0.825,0.825,0.83,153948.0,12746900.0,0.825
2003/04/08,0.821,0.825,0.827,90257.0,7439300.0,0.824
2003/04/09,0.823,0.824,0.836,175041.0,14495700.0,0.835
2003/04/10,0.836,0.838,0.857,1038494.0,87816800.0,0.848
2003/04/11,0.846,0.853,0.875,708144.0,60869300.0,0.873
2003/04/14,0.869,0.876,0.884,1006445.57,88127568.0,0.874
2003/04/15,0.863,0.872,0.872,519160.0,45136800.0,0.872
2003/04/16,0.861,0.872,0.881,451384.0,39331800.0,0.864
2003/04/17,0.849,0.857,0.865,408736.0,34974900.0,0.857
2003/04/18,0.85,0.851,0.861,265532.0,22696100.0,0.851
2003/04/21,0.836,0.848,0.855,291959.0,24629300.0,0.838
2003/04/22,0.831,0.836,0.84,177175.0,14795600.0,0.836
2003/04/23,0.823,0.835,0.836,268570.0,22293100.0,0.825
2003/04/24,0.802,0.823,0.824,338190.0,27509800.0,0.804
2003/04/25,0.794,0.796,0.807,187275.0,14997400.0,0.796
2003/04/28,0.784,0.798,0.809,288991.0,23012100.0,0.807
2003/04/29,0.799,0.802,0.809,240895.0,19331500.0,0.801
2003/04/30,0.804,0.811,0.816,201378.0,16287400.0,0.811
2003/05/12,0.802,0.816,0.818,188940.0,15329100.0,0.816
2003/05/13,0.792,0.816,0.817,237052.0,19075400.0,0.796
2003/05/14,0.792,0.797,0.808,227575.0,18213400.0,0.806
2003/05/15,0.804,0.812,0.825,305779.0,24937100.0,0.823
2003/05/16,0.818,0.821,0.825,211277.0,17347100.0,0.823
2003/05/19,0.827,0.827,0.838,268423.0,22317400.0,0.831
2003/05/20,0.82,0.833,0.833,133994.0,11038300.0,0.823
2003/05/21,0.82,0.822,0.827,114818.0,9464700.0,0.822
2003/05/22,0.816,0.824,0.824,118577.0,9730100.0,0.824
2003/05/23,0.824,0.825,0.84,257112.0,21409500.0,0.835
2003/05/26,0.833,0.837,0.839,156851.0,13114000.0,0.835
2003/05/27,0.83,0.836,0.837,119465.0,9965900.0,0.837
2003/05/28,0.831,0.837,0.838,217070.0,18124900.0,0.836
2003/05/29,0.825,0.837,0.837,182731.0,15201200.0,0.837
2003/05/30,0.834,0.839,0.842,180159.0,15097100.0,0.838
2003/06/02,0.835,0.839,0.842,201817.0,16903458.0,0.841
2003/06/03,0.835,0.841,0.841,154135.0,12920386.0,0.836
2003/06/04,0.829,0.835,0.838,176642.49,14726452.0,0.837
2003/06/05,0.833,0.838,0.839,154894.0,12955048.0,0.833
2003/06/06,0.833,0.833,0.85,525275.75,44184724.0,0.835
2003/06/09,0.834,0.836,0.841,186591.02,15632306.0,0.835
2003/06/10,0.834,0.835,0.839,102399.78,8564825.0,0.836
2003/06/11,0.835,0.835,0.845,228502.0,19214300.0,0.844
2003/06/12,0.838,0.843,0.843,164187.06,13789412.0,0.841
2003/06/13,0.839,0.839,0.843,139587.61,11730866.0,0.841
2003/06/16,0.836,0.841,0.843,207864.13,17422252.0,0.841
2003/06/17,0.838,0.841,0.855,396927.14,33728704.0,0.855
2003/06/18,0.855,0.857,0.864,374781.43,32221188.0,0.86
2003/06/19,0.847,0.863,0.867,570942.61,48777603.0,0.851
2003/06/20,0.846,0.85,0.856,198537.61,16888762.0,0.849
2003/06/23,0.843,0.849,0.849,225107.14,19032636.0,0.847
2003/06/24,0.844,0.846,0.849,139900.44,11838671.0,0.848
2003/06/25,0.845,0.847,0.85,183672.84,15566597.0,0.848
2003/06/26,0.84,0.846,0.851,278500.0,23560700.0,0.85
2003/06/27,0.845,0.848,0.851,139502.12,11836276.0,0.849
2003/06/30,0.845,0.848,0.859,663795.75,56601390.0,0.855
2003/07/01,0.849,0.85,0.856,101401.0,8650000.0,0.85
2003/07/02,0.844,0.85,0.85,90427.0,7658200.0,0.85
2003/07/03,0.845,0.846,0.851,65737.0,5568900.0,0.847
2003/07/04,0.843,0.847,0.849,154775.0,13084100.0,0.844
2003/07/07,0.841,0.842,0.843,60043.0,5055200.0,0.842
2003/07/08,0.841,0.841,0.846,58224.0,4911400.0,0.844
2003/07/09,0.841,0.841,0.844,42964.0,3615000.0,0.842
2003/07/10,0.84,0.849,0.851,138180.0,11696400.0,0.848
2003/07/11,0.845,0.848,0.848,69471.0,5880000.0,0.848
2003/07/14,0.845,0.847,0.85,64407.0,5453200.0,0.847
2003/07/15,0.847,0.851,0.852,120801.0,10262300.0,0.851
2003/07/16,0.851,0.856,0.857,111046.0,9486100.0,0.856
2003/07/17,0.854,0.86,0.861,178492.0,15307500.0,0.86
2003/07/18,0.849,0.859,0.86,107118.0,9155600.0,0.85
2003/07/21,0.842,0.848,0.848,139528.0,11779900.0,0.845
2003/07/22,0.844,0.847,0.849,77105.0,6531200.0,0.847
2003/07/23,0.843,0.845,0.848,32660.0,2759400.0,0.845
2003/07/24,0.841,0.842,0.845,27561.0,2323200.0,0.842
2003/07/25,0.832,0.843,0.844,93897.0,7880100.0,0.833
2003/07/28,0.829,0.831,0.834,62828.0,5220700.0,0.831
2003/07/29,0.83,0.832,0.835,40565.0,3376900.0,0.832
2003/07/30,0.825,0.833,0.834,75995.0,6290800.0,0.828
2003/07/31,0.826,0.827,0.83,23807.0,1971000.0,0.827
2003/08/01,0.823,0.828,0.829,39332.0,3246500.0,0.827
2003/08/04,0.825,0.83,0.83,37021.0,3062900.0,0.83
2003/08/05,0.826,0.827,0.83,50654.0,4194000.0,0.827
2003/08/06,0.825,0.827,0.828,41151.0,3398100.0,0.827
2003/08/07,0.825,0.827,0.831,48385.0,4003800.0,0.827
2003/08/08,0.822,0.826,0.826,33150.0,2733799.0,0.823
2003/08/11,0.82,0.821,0.822,50384.0,4134800.0,0.821
2003/08/12,0.82,0.823,0.824,41100.0,3377600.0,0.823
2003/08/13,0.82,0.821,0.823,31218.0,2564900.0,0.821
2003/08/14,0.818,0.819,0.822,55557.0,4555900.0,0.818
2003/08/15,0.814,0.815,0.819,45132.0,3685200.0,0.815
2003/08/18,0.81,0.812,0.815,33177.0,2695200.0,0.812
2003/08/19,0.811,0.813,0.814,23743.0,1929600.0,0.813
2003/08/20,0.804,0.806,0.813,45338.0,3662300.0,0.806
2003/08/21,0.801,0.803,0.806,24502.0,1968700.0,0.803
2003/08/22,0.801,0.802,0.805,23999.0,1926600.0,0.802
2003/08/25,0.798,0.8,0.802,40986.0,3279100.0,0.8
2003/08/26,0.798,0.8,0.802,52322.0,4185600.0,0.8
2003/08/27,0.798,0.802,0.802,32325.0,2587400.0,0.802
2003/08/28,0.799,0.8,0.802,10010.0,800800.0,0.799
2003/08/29,0.795,0.8,0.8,19089.0,1522200.0,0.8
2003/09/01,0.797,0.8,0.813,43550.12,3502404.0,0.81
2003/09/02,0.806,0.811,0.813,32632.0,2642520.0,0.81
2003/09/03,0.804,0.807,0.81,17567.0,1416028.0,0.805
2003/09/04,0.804,0.805,0.807,15097.1,1215952.0,0.805
2003/09/05,0.798,0.8,0.806,24681.0,1978400.0,0.8
2003/09/08,0.793,0.799,0.799,18727.0,1490723.0,0.795
2003/09/09,0.793,0.795,0.795,12572.0,998400.0,0.793
2003/09/10,0.79,0.793,0.794,32320.58,2561109.0,0.793
2003/09/11,0.792,0.793,0.795,20903.0,1658902.0,0.794
2003/09/12,0.789,0.794,0.794,29340.58,2322429.0,0.789
2003/09/15,0.784,0.79,0.79,24224.0,1906884.0,0.785
2003/09/16,0.774,0.785,0.785,27066.0,2107626.0,0.781
2003/09/17,0.771,0.781,0.781,37264.0,2882189.0,0.771
2003/09/18,0.766,0.77,0.772,25607.07,1971035.0,0.771
2003/09/19,0.768,0.77,0.772,25112.07,1934019.0,0.771
2003/09/22,0.771,0.771,0.773,11245.07,867729.0,0.772
2003/09/23,0.77,0.771,0.776,21747.0,1681519.0,0.776
2003/09/24,0.775,0.777,0.78,27414.15,2132593.0,0.776
2003/09/25,0.771,0.777,0.777,17490.0,1352913.0,0.771
2003/09/26,0.77,0.771,0.772,12109.0,933312.0,0.77
2003/09/29,0.76,0.763,0.771,22215.0,1696400.0,0.763
2003/09/30,0.759,0.762,0.766,35264.0,2686900.0,0.761
2003/10/08,0.76,0.762,0.763,14964.0,1139500.0,0.762
2003/10/09,0.76,0.765,0.765,25413.0,1939758.0,0.765
2003/10/10,0.763,0.771,0.781,42615.0,3293400.0,0.781
2003/10/13,0.776,0.778,0.781,26789.0,2087200.0,0.778
2003/10/14,0.77,0.775,0.78,37692.0,2914800.0,0.772
2003/10/15,0.771,0.773,0.778,40617.0,3140300.0,0.773
2003/10/16,0.766,0.767,0.773,13876.0,1066700.0,0.767
2003/10/17,0.762,0.766,0.768,17357.0,1327900.0,0.766
2003/10/20,0.762,0.764,0.765,10367.0,791100.0,0.764
2003/10/21,0.762,0.765,0.766,15606.0,1193000.0,0.765
2003/10/22,0.763,0.767,0.78,35247.0,2730700.0,0.777
2003/10/23,0.773,0.777,0.78,33378.0,2589800.0,0.773
2003/10/24,0.768,0.77,0.774,24718.0,1905900.0,0.77
2003/10/27,0.767,0.767,0.772,22467.0,1726900.0,0.767
2003/10/28,0.766,0.774,0.775,31463.0,2428340.0,0.774
2003/10/29,0.77,0.776,0.778,52100.08,4035667.0,0.776
2003/10/30,0.772,0.774,0.776,35502.0,2746300.0,0.774
2003/10/31,0.767,0.772,0.775,33775.0,2607700.0,0.772
2003/11/03,0.769,0.777,0.79,91313.0,7142400.0,0.787
2003/11/04,0.787,0.792,0.805,140017.0,11121600.0,0.792
2003/11/05,0.785,0.787,0.794,41319.0,3267600.0,0.787
2003/11/06,0.781,0.783,0.79,58278.0,4573822.0,0.783
2003/11/07,0.772,0.782,0.782,76422.0,5928700.0,0.772
2003/11/10,0.77,0.771,0.776,27970.0,2159600.0,0.776
2003/11/11,0.772,0.777,0.779,26996.0,2093500.0,0.777
2003/11/12,0.767,0.768,0.775,42430.0,3268042.0,0.768
2003/11/13,0.761,0.762,0.769,45503.0,3478930.0,0.767
2003/11/14,0.764,0.765,0.77,24731.0,1895500.0,0.767
2003/11/17,0.763,0.765,0.766,10483.0,800800.0,0.765
2003/11/18,0.755,0.765,0.765,44065.0,3348300.0,0.755
2003/11/19,0.754,0.76,0.763,21550.0,1635200.0,0.76
2003/11/20,0.759,0.763,0.775,58841.0,4524783.0,0.773
2003/11/21,0.765,0.766,0.775,51038.0,3928000.0,0.766
2003/11/24,0.765,0.765,0.775,47325.0,3647000.0,0.775
2003/11/25,0.77,0.777,0.782,91609.0,7104500.0,0.777
2003/11/26,0.771,0.777,0.777,46767.0,3612834.0,0.772
2003/11/27,0.771,0.774,0.784,74206.0,5758600.0,0.774
2003/11/28,0.771,0.776,0.776,31162.0,2411900.0,0.776
2003/12/01,0.773,0.782,0.783,59329.97,4625319.0,0.782
2003/12/02,0.78,0.782,0.787,62177.89,4866984.0,0.782
2003/12/03,0.778,0.784,0.785,54699.0,4275700.0,0.784
2003/12/04,0.78,0.786,0.786,49468.0,3873600.0,0.785
2003/12/05,0.784,0.788,0.79,69057.0,5437300.0,0.788
2003/12/08,0.785,0.791,0.794,60148.0,4747600.0,0.788
2003/12/09,0.781,0.786,0.786,36369.0,2848500.0,0.785
2003/12/10,0.784,0.785,0.789,52701.11,4141294.0,0.787
2003/12/11,0.786,0.786,0.793,71626.22,5654775.0,0.788
2003/12/12,0.783,0.786,0.789,44598.0,3504956.0,0.788
2003/12/15,0.783,0.788,0.789,58386.0,4590891.0,0.788
2003/12/16,0.778,0.788,0.788,109422.0,8544307.98,0.783
2003/12/17,0.775,0.782,0.783,111119.0,8668600.0,0.78
2003/12/18,0.773,0.776,0.78,81912.0,6352100.0,0.778
2003/12/19,0.777,0.778,0.788,166967.32,13084120.0,0.787
2003/12/22,0.78,0.783,0.803,161787.3,12814270.0,0.799
2003/12/23,0.791,0.791,0.807,209442.44,16814192.0,0.807
2003/12/24,0.804,0.807,0.815,276947.28,22403984.0,0.815
2003/12/25,0.814,0.815,0.824,135141.32,11051696.0,0.824
2003/12/26,0.816,0.823,0.834,136750.02,11279719.0,0.831
2003/12/29,0.828,0.831,0.84,145372.8,12139874.0,0.836
2003/12/30,0.827,0.833,0.839,192999.13,16060362.0,0.839
2003/12/31,0.83,0.835,0.845,330301.59,27735080.0,0.84
2004/01/02,0.833,0.835,0.842,93864.99,7869862.0,0.837
2004/01/05,0.833,0.833,0.847,70089.87,5904176.0,0.846
2004/01/06,0.844,0.847,0.85,116649.04,9884133.0,0.849
2004/01/07,0.843,0.849,0.854,128051.7,10878718.0,0.852
2004/01/08,0.845,0.851,0.854,96527.0,8192856.0,0.85
2004/01/09,0.836,0.85,0.853,110407.25,9339280.0,0.836
2004/01/12,0.836,0.839,0.848,98285.48,8260988.0,0.846
2004/01/13,0.84,0.848,0.849,41862.0,3536295.0,0.842
2004/01/14,0.829,0.843,0.843,78268.0,6511087.0,0.831
2004/01/15,0.829,0.831,0.835,47901.0,3984764.0,0.832
2004/01/16,0.829,0.831,0.838,46205.5,3847356.0,0.837
2004/01/29,0.835,0.839,0.847,64302.6,5396926.0,0.847
2004/01/30,0.835,0.847,0.847,54725.12,4597599.0,0.837
2004/02/02,0.842,0.851,0.858,134821.95,11451647.0,0.852
2004/02/03,0.846,0.85,0.852,57271.54,4863866.0,0.851
2004/02/04,0.851,0.851,0.86,99375.0,8500349.0,0.86
2004/02/05,0.857,0.859,0.868,97417.34,8409746.0,0.865
2004/02/06,0.86,0.863,0.868,91861.95,7934075.0,0.861
2004/02/09,0.857,0.857,0.867,83574.25,7199536.0,0.862
2004/02/10,0.854,0.862,0.864,97484.0,8382535.0,0.857
2004/02/11,0.845,0.854,0.864,88150.29,7515483.0,0.848
2004/02/12,0.844,0.848,0.85,73874.0,6259127.0,0.844
2004/02/13,0.842,0.844,0.847,31998.9,2703599.0,0.845
2004/02/16,0.844,0.845,0.856,193416.0,16435846.0,0.855
2004/02/17,0.85,0.855,0.856,101847.03,8684008.0,0.855
2004/02/18,0.849,0.854,0.855,75947.0,6474676.0,0.852
2004/02/19,0.85,0.85,0.854,71316.88,6077524.0,0.851
2004/02/20,0.848,0.852,0.862,148744.56,12733959.0,0.86
2004/02/23,0.847,0.86,0.862,73839.0,6310158.0,0.848
2004/02/24,0.835,0.846,0.846,77929.9,6552487.0,0.843
2004/02/25,0.831,0.841,0.845,53536.0,4487618.0,0.832
2004/02/26,0.822,0.831,0.832,60702.78,5011465.0,0.824
2004/02/27,0.823,0.825,0.831,89711.43,7420763.0,0.828
2004/03/01,0.825,0.828,0.829,86112.76,7122172.0,0.828
2004/03/02,0.825,0.828,0.828,133409.0,11018682.0,0.826
2004/03/03,0.82,0.826,0.826,135026.0,11121158.0,0.823
2004/03/04,0.816,0.824,0.825,119939.0,9850041.0,0.821
2004/03/05,0.822,0.822,0.832,87455.76,7223296.0,0.83
2004/03/08,0.836,0.836,0.863,371021.13,31730156.0,0.848
2004/03/09,0.837,0.845,0.848,112781.7,9497261.0,0.839
2004/03/10,0.836,0.836,0.85,84161.0,7114567.5,0.848
2004/03/11,0.847,0.848,0.853,66386.86,5640925.0,0.85
2004/03/12,0.849,0.85,0.86,133462.69,11434109.0,0.86
2004/03/15,0.86,0.86,0.87,179792.56,15576134.0,0.869
2004/03/16,0.867,0.871,0.873,137443.97,11955033.0,0.869
2004/03/17,0.868,0.87,0.876,218678.36,19043198.0,0.875
2004/03/18,0.874,0.874,0.88,149478.44,13093107.0,0.874
2004/03/19,0.868,0.871,0.88,168404.46,14775103.0,0.88
2004/03/22,0.879,0.885,0.885,76263.97,6732383.0,0.884
2004/03/23,0.876,0.884,0.884,135270.19,11889708.0,0.878
2004/03/24,0.871,0.877,0.878,70216.0,6141684.0,0.874
2004/03/25,0.871,0.872,0.877,66651.0,5829622.5,0.875
2004/03/26,0.871,0.876,0.876,63810.0,5567353.0,0.873
2004/03/29,0.859,0.87,0.872,46250.0,4010920.75,0.861
2004/03/30,0.855,0.856,0.864,59583.3,5125505.0,0.86
2004/03/31,0.862,0.864,0.87,58715.0,5096043.5,0.869
2004/04/01,0.865,0.867,0.875,44951.0,3912920.5,0.872
2004/04/02,0.872,0.873,0.88,66320.0,5813660.0,0.878
2004/04/05,0.88,0.882,0.891,175735.48,15548103.0,0.887
2004/04/06,0.883,0.887,0.894,137761.45,12248360.0,0.894
2004/04/07,0.888,0.895,0.896,110809.03,9893803.0,0.894
2004/04/08,0.89,0.893,0.895,73221.0,6531627.5,0.893
2004/04/09,0.87,0.89,0.892,84737.99,7477967.5,0.874
2004/04/12,0.872,0.874,0.881,88365.0,7740140.0,0.876
2004/04/13,0.874,0.878,0.885,80959.01,7108509.0,0.876
2004/04/14,0.862,0.875,0.875,108855.0,9450528.0,0.867
2004/04/15,0.86,0.865,0.868,71071.02,6145198.0,0.861
2004/04/16,0.853,0.861,0.865,81084.06,6981868.0,0.863
2004/04/19,0.855,0.862,0.862,38775.0,3334544.0,0.856
2004/04/20,0.848,0.851,0.857,42624.0,3628118.24,0.852
2004/04/21,0.848,0.85,0.853,33032.0,2808700.52,0.849
2004/04/22,0.848,0.849,0.853,40473.0,3445214.75,0.849
2004/04/23,0.838,0.851,0.851,60536.0,5115949.5,0.842
2004/04/26,0.835,0.84,0.844,40984.0,3449906.04,0.841
2004/04/27,0.84,0.84,0.844,42987.56,3618335.26,0.843
2004/04/28,0.839,0.842,0.843,56548.01,4752425.02,0.841
2004/04/29,0.833,0.84,0.843,28646.0,2398368.27,0.833
2004/04/30,0.831,0.831,0.838,29004.0,2420778.76,0.835
2004/05/10,0.826,0.835,0.835,44359.0,3683525.0,0.826
2004/05/11,0.824,0.825,0.829,20949.0,1731580.0,0.829
2004/05/12,0.826,0.829,0.838,44678.0,3711747.0,0.838
2004/05/13,0.83,0.834,0.837,50358.01,4195910.0,0.835
2004/05/14,0.826,0.835,0.835,27842.0,2307405.0,0.827
2004/05/17,0.818,0.827,0.826,17733.0,1456656.0,0.818
2004/05/18,0.81,0.815,0.819,37944.0,3087227.0,0.818
2004/05/19,0.816,0.818,0.821,28180.0,2306306.0,0.819
2004/05/20,0.818,0.819,0.827,45868.02,3782156.0,0.825
2004/05/21,0.827,0.826,0.847,63624.35,5328445.0,0.84
2004/05/24,0.839,0.84,0.848,97305.0,8204403.0,0.841
2004/05/25,0.83,0.841,0.841,49217.0,4105152.0,0.831
2004/05/26,0.828,0.83,0.837,32753.23,2725234.0,0.835
2004/05/27,0.83,0.833,0.848,42438.0,3580326.0,0.846
2004/05/28,0.841,0.846,0.848,29504.89,2486036.0,0.845
2004/05/31,0.843,0.843,0.852,49705.92,4214946.0,0.851
2004/06/01,0.848,0.852,0.858,108365.7,9262294.0,0.854
2004/06/02,0.845,0.856,0.856,40009.99,3397605.5,0.849
2004/06/03,0.838,0.849,0.849,23446.0,1970191.0,0.839
2004/06/04,0.837,0.838,0.845,26213.0,2205063.0,0.844
2004/06/07,0.835,0.846,0.846,44495.88,3725332.0,0.836
2004/06/08,0.827,0.833,0.835,13298.0,1105113.0,0.829
2004/06/09,0.819,0.828,0.828,46387.0,3817883.0,0.823
2004/06/10,0.815,0.819,0.822,15264.0,1249023.0,0.817
2004/06/11,0.814,0.814,0.822,10714.0,877318.0,0.816
2004/06/14,0.791,0.817,0.817,52768.0,4231980.0,0.792
2004/06/15,0.788,0.79,0.796,19473.95,1542875.0,0.794
2004/06/16,0.792,0.796,0.805,25704.0,2049703.0,0.802
2004/06/17,0.794,0.801,0.801,13340.0,1060382.0,0.794
2004/06/18,0.785,0.792,0.792,13809.0,1087792.0,0.787
2004/06/21,0.774,0.785,0.785,33177.0,2580294.0,0.776
2004/06/22,0.777,0.78,0.783,20301.0,1585455.0,0.782
2004/06/23,0.777,0.782,0.782,6722.0,523193.0,0.778
2004/06/24,0.776,0.778,0.78,22025.99,1712701.0,0.776
2004/06/25,0.77,0.776,0.776,9694.0,747799.2,0.77
2004/06/28,0.75,0.765,0.765,21455.0,1622417.0,0.754
2004/06/29,0.75,0.753,0.76,17045.18,1286749.0,0.758
2004/06/30,0.755,0.76,0.763,14260.0,1080624.13,0.759
2004/07/01,0.754,0.757,0.77,18796.0,1440516.0,0.77
2004/07/02,0.765,0.765,0.77,14160.01,1084988.0,0.768
2004/07/05,0.76,0.765,0.765,12031.0,916555.0,0.763
2004/07/06,0.76,0.763,0.77,8507.43,651082.0,0.76
2004/07/07,0.758,0.76,0.76,12705.32,964350.0,0.76
2004/07/08,0.755,0.762,0.762,16321.0,1236017.0,0.758
2004/07/09,0.757,0.757,0.762,13222.0,1003675.0,0.76
2004/07/12,0.742,0.756,0.755,21794.5,1631207.0,0.746
2004/07/13,0.741,0.746,0.746,19153.0,1425015.0,0.743
2004/07/14,0.736,0.741,0.745,10375.0,768915.0,0.745
2004/07/15,0.736,0.745,0.747,16190.89,1199758.0,0.742
2004/07/16,0.743,0.745,0.756,25889.94,1948408.0,0.755
2004/07/19,0.751,0.756,0.758,18065.0,1362099.0,0.755
2004/07/20,0.75,0.754,0.754,4620.09,346870.0,0.75
2004/07/21,0.745,0.747,0.75,1430.0,107021.0,0.75
2004/07/22,0.739,0.749,0.749,17215.32,1279853.0,0.74
2004/07/23,0.73,0.738,0.738,26571.49,1947377.0,0.737
2004/07/26,0.729,0.733,0.736,5725.0,418812.0,0.73
2004/07/27,0.723,0.732,0.732,22646.0,1651306.0,0.73
2004/07/28,0.722,0.726,0.73,10266.99,745816.0,0.73
2004/07/29,0.723,0.729,0.731,11075.0,805966.0,0.729
2004/07/30,0.725,0.73,0.73,6286.0,457153.0,0.725
2004/08/02,0.72,0.724,0.724,7567.0,546789.0,0.722
2004/08/03,0.716,0.721,0.723,4019.0,289299.0,0.723
2004/08/04,0.722,0.722,0.737,10485.0,764434.0,0.733
2004/08/05,0.727,0.732,0.732,4612.0,336439.0,0.727
2004/08/06,0.727,0.727,0.73,1760.0,128175.0,0.727
2004/08/09,0.723,0.726,0.728,4107.99,298072.0,0.727
2004/08/10,0.725,0.725,0.73,1487.0,108366.0,0.73
2004/08/11,0.723,0.731,0.731,5153.28,373881.0,0.724
2004/08/12,0.712,0.722,0.722,8740.0,625649.0,0.713
2004/08/13,0.713,0.713,0.719,1092.0,78066.0,0.714
2004/08/16,0.708,0.712,0.712,6685.0,474672.0,0.708
2004/08/17,0.707,0.712,0.712,1402.99,99474.0,0.71
2004/08/18,0.708,0.708,0.713,6802.99,484297.0,0.713
2004/08/19,0.705,0.71,0.713,4111.0,292107.0,0.711
2004/08/20,0.707,0.71,0.716,8906.0,635102.0,0.716
2004/08/23,0.708,0.715,0.716,3686.5,261953.0,0.712
2004/08/24,0.709,0.711,0.716,7221.0,514391.0,0.715
2004/08/25,0.711,0.714,0.715,4377.0,312370.0,0.711
2004/08/26,0.71,0.71,0.715,2119.0,150626.0,0.71
2004/08/27,0.703,0.71,0.71,7398.0,523030.0,0.703
2004/08/30,0.7,0.705,0.71,4173.0,293035.0,0.709
2004/08/31,0.714,0.731,0.735,16205.28,1172815.0,0.717
2004/09/01,0.712,0.713,0.714,1878.5,133858.0,0.713
2004/09/02,0.709,0.712,0.715,2595.0,184532.0,0.713
2004/09/03,0.709,0.713,0.714,3471.0,244580.0,0.712
2004/09/06,0.711,0.712,0.712,1134.99,80757.0,0.711
2004/09/07,0.711,0.712,0.716,1340.0,95600.0,0.714
2004/09/08,0.711,0.711,0.714,2672.0,190139.0,0.713
2004/09/09,0.701,0.709,0.709,16256.0,1142624.0,0.701
2004/09/10,0.698,0.7,0.7,5813.0,406399.0,0.698
2004/09/13,0.689,0.697,0.697,3599.0,249500.0,0.689
2004/09/14,0.688,0.688,0.7,6860.0,478497.0,0.698
2004/09/15,0.698,0.699,0.723,35018.18,2507360.0,0.72
2004/09/16,0.716,0.718,0.723,15273.01,1097052.0,0.718
2004/09/17,0.716,0.718,0.734,39588.99,2867474.0,0.734
2004/09/20,0.731,0.735,0.747,57415.0,4235976.0,0.746
2004/09/21,0.739,0.747,0.758,152128.42,11426198.0,0.75
2004/09/22,0.725,0.74,0.746,61507.0,4506634.0,0.727
2004/09/23,0.72,0.725,0.735,33836.0,2460715.0,0.735
2004/09/24,0.732,0.738,0.745,88926.0,6557699.0,0.733
2004/09/27,0.715,0.736,0.743,54629.11,3978856.0,0.717
2004/09/28,0.715,0.721,0.724,44736.25,3218561.0,0.723
2004/09/29,0.713,0.723,0.723,30902.0,2215571.0,0.715
2004/09/30,0.706,0.716,0.716,16910.0,1202148.0,0.707
2004/10/08,0.704,0.706,0.72,42612.0,3041405.0,0.72
2004/10/11,0.717,0.72,0.731,91188.0,6609021.5,0.725
2004/10/12,0.712,0.721,0.724,40428.0,2891450.0,0.716
2004/10/13,0.706,0.713,0.715,18719.0,1331132.0,0.711
2004/10/14,0.69,0.708,0.708,26263.0,1831666.0,0.692
2004/10/15,0.685,0.694,0.694,23656.0,1626724.0,0.688
2004/10/18,0.687,0.69,0.69,11986.0,825140.46,0.687
2004/10/19,0.687,0.69,0.696,10464.0,724969.0,0.69
2004/10/20,0.687,0.69,0.69,10989.98,756772.0,0.688
2004/10/21,0.678,0.688,0.693,17877.0,1221247.0,0.678
2004/10/22,0.675,0.682,0.687,13577.71,923021.0,0.687
2004/10/25,0.687,0.69,0.695,30282.0,2095555.0,0.688
2004/10/26,0.684,0.687,0.693,10134.0,695103.0,0.693
2004/10/27,0.685,0.687,0.691,17325.09,1192672.0,0.691
2004/10/28,0.69,0.69,0.695,19386.0,1343364.0,0.691
2004/10/29,0.684,0.688,0.689,19397.0,1331081.0,0.684
2004/11/01,0.67,0.682,0.686,52873.0,3600105.0,0.671
2004/11/02,0.669,0.676,0.676,25045.21,1682331.0,0.672
2004/11/03,0.671,0.671,0.682,13157.21,891340.0,0.681
2004/11/04,0.677,0.681,0.687,15280.0,1040644.0,0.677
2004/11/05,0.678,0.679,0.687,11227.21,767273.0,0.685
2004/11/08,0.68,0.681,0.686,8817.01,601859.0,0.683
2004/11/09,0.68,0.68,0.684,5168.0,352740.0,0.683
2004/11/10,0.683,0.683,0.697,18835.01,1301419.0,0.695
2004/11/11,0.692,0.699,0.702,18444.45,1286624.0,0.694
2004/11/12,0.693,0.695,0.697,13121.98,911386.0,0.695
2004/11/15,0.692,0.694,0.7,8567.0,597487.0,0.697
2004/11/16,0.696,0.7,0.7,7605.0,530170.0,0.697
2004/11/17,0.695,0.698,0.698,17102.47,1190420.0,0.696
2004/11/18,0.695,0.695,0.706,29915.04,2100149.0,0.705
2004/11/19,0.705,0.705,0.717,25261.06,1795987.0,0.716
2004/11/22,0.716,0.718,0.731,37764.08,2736515.0,0.726
2004/11/23,0.723,0.729,0.73,40298.0,2925844.0,0.724
2004/11/24,0.719,0.724,0.725,10067.0,727134.0,0.719
2004/11/25,0.717,0.72,0.721,16367.07,1177589.0,0.719
2004/11/26,0.718,0.72,0.727,14980.16,1081882.0,0.726
2004/11/29,0.726,0.727,0.738,88672.51,6495845.0,0.727
2004/11/30,0.726,0.727,0.732,24256.0,1769105.0,0.729
2004/12/01,0.721,0.729,0.73,21046.0,1527956.0,0.722
2004/12/02,0.708,0.721,0.721,32485.0,2314716.0,0.711
2004/12/03,0.711,0.711,0.717,8141.75,582366.0,0.717
2004/12/06,0.716,0.716,0.721,14108.65,1013507.0,0.72
2004/12/07,0.717,0.718,0.722,15761.0,1133646.75,0.717
2004/12/08,0.718,0.719,0.728,23679.76,1717028.0,0.725
2004/12/09,0.723,0.725,0.734,28778.25,2100523.0,0.731
2004/12/10,0.726,0.727,0.732,27150.99,1978724.02,0.727
2004/12/13,0.722,0.723,0.726,15689.0,1135184.27,0.724
2004/12/14,0.725,0.725,0.731,63120.49,4587780.5,0.728
2004/12/15,0.726,0.727,0.732,81071.99,5902160.0,0.731
2004/12/16,0.729,0.73,0.735,26575.08,1947579.0,0.733
2004/12/17,0.725,0.734,0.735,20062.99,1465070.0,0.727
2004/12/20,0.721,0.728,0.728,17241.0,1247253.0,0.722
2004/12/21,0.719,0.722,0.723,10587.0,762609.0,0.721
2004/12/22,0.718,0.72,0.726,20442.0,1476924.0,0.725
2004/12/23,0.719,0.726,0.726,14927.0,1077636.0,0.72
2004/12/24,0.716,0.722,0.722,11799.0,849024.0,0.719
2004/12/27,0.715,0.715,0.718,14667.0,1050603.0,0.716
2004/12/28,0.709,0.716,0.716,11876.5,844840.14,0.712
2004/12/29,0.708,0.712,0.713,18578.08,1319485.25,0.712
2004/12/30,0.709,0.709,0.714,18512.0,1318072.01,0.714
2004/12/31,0.711,0.712,0.716,11195.72,798181.0,0.712
2005/01/04,0.707,0.71,0.712,19567.0,1386302.0,0.707
2005/01/05,0.705,0.709,0.711,13217.0,935299.0,0.708
2005/01/06,0.704,0.708,0.711,15912.0,1123103.0,0.706
2005/01/07,0.703,0.706,0.709,18255.66,1287372.0,0.705
2005/01/10,0.701,0.705,0.706,17840.0,1255825.0,0.703
2005/01/11,0.702,0.703,0.705,7666.9,538942.0,0.705
2005/01/12,0.697,0.703,0.704,21718.0,1518238.0,0.703
2005/01/13,0.701,0.701,0.704,22568.0,1583024.0,0.701
2005/01/14,0.701,0.701,0.705,15864.0,1116122.0,0.702
2005/01/17,0.693,0.7,0.7,16600.01,1155946.0,0.695
2005/01/18,0.693,0.696,0.697,8361.0,580694.0,0.696
2005/01/19,0.689,0.696,0.696,9604.0,664968.0,0.693
2005/01/20,0.686,0.69,0.691,10403.0,716816.0,0.688
2005/01/21,0.681,0.686,0.698,14115.0,971399.0,0.693
2005/01/24,0.692,0.7,0.7,15468.0,1075669.0,0.697
2005/01/25,0.69,0.697,0.697,11321.28,783121.0,0.695
2005/01/26,0.692,0.693,0.695,3205.0,222112.0,0.692
2005/01/27,0.688,0.691,0.692,6791.0,468675.0,0.69
2005/01/28,0.686,0.688,0.69,5679.0,391055.0,0.686
2005/01/31,0.682,0.685,0.686,12542.0,859126.0,0.686
2005/02/01,0.685,0.685,0.692,12802.33,881511.0,0.69
2005/02/02,0.686,0.692,0.71,38066.01,2674946.0,0.704
2005/02/03,0.699,0.706,0.708,31265.0,2195494.0,0.701
2005/02/04,0.7,0.702,0.713,13712.0,972235.0,0.711
2005/02/16,0.71,0.711,0.717,19571.0,1397163.0,0.715
2005/02/17,0.711,0.715,0.715,12754.0,908652.0,0.714
2005/02/18,0.707,0.714,0.714,21950.0,1557702.0,0.707
2005/02/21,0.708,0.708,0.717,6901.0,492386.0,0.715
2005/02/22,0.715,0.72,0.721,18196.0,1305918.0,0.721
2005/02/23,0.718,0.72,0.725,12491.0,898679.0,0.724
2005/02/24,0.718,0.72,0.723,9322.0,671137.0,0.723
2005/02/25,0.718,0.72,0.728,16102.0,1166191.0,0.724
2005/02/28,0.724,0.725,0.726,27532.0,1996861.0,0.725
2005/03/01,0.721,0.725,0.73,78495.75,5703212.0,0.729
2005/03/02,0.728,0.729,0.734,72213.0,5285026.0,0.732
2005/03/03,0.727,0.73,0.732,62638.01,4573766.0,0.732
2005/03/04,0.68,0.68,0.737,42008.54,3078272.0,0.736
2005/03/07,0.732,0.732,0.741,52951.08,3914290.0,0.74
2005/03/08,0.74,0.74,0.746,23695.68,1761233.0,0.745
2005/03/09,0.744,0.745,0.752,18442.0,1380339.0,0.748
2005/03/10,0.735,0.754,0.754,125303.32,9366809.0,0.738
2005/03/11,0.738,0.738,0.753,82101.0,6133667.0,0.747
2005/03/14,0.745,0.76,0.76,197833.0,14827769.0,0.75
2005/03/15,0.741,0.747,0.75,84957.83,6340069.0,0.741
2005/03/16,0.733,0.742,0.742,42589.17,3138712.0,0.736
2005/03/17,0.733,0.733,0.74,15410.85,1135297.0,0.737
2005/03/18,0.733,0.733,0.737,17312.0,1273808.0,0.735
2005/03/21,0.736,0.736,0.745,24215.0,1794091.0,0.745
2005/03/22,0.745,0.746,0.752,64331.0,4807499.0,0.746
2005/03/23,0.745,0.745,0.764,68958.16,5224066.0,0.758
2005/03/24,0.757,0.757,0.768,71345.0,5439451.0,0.761
2005/03/25,0.763,0.763,0.782,101726.36,7894657.0,0.775
2005/03/28,0.766,0.778,0.787,66114.54,5139398.0,0.786
2005/03/29,0.783,0.785,0.799,84214.59,6686029.0,0.795
2005/03/30,0.772,0.793,0.797,127195.0,10014823.0,0.775
2005/03/31,0.767,0.771,0.783,37482.72,2915347.0,0.782
2005/04/01,0.78,0.78,0.798,59474.09,4702133.0,0.797
2005/04/04,0.787,0.792,0.799,39793.02,3163076.0,0.796
2005/04/05,0.791,0.792,0.797,25441.0,2020963.0,0.793
2005/04/06,0.786,0.791,0.797,26967.46,2134105.0,0.795
2005/04/07,0.796,0.796,0.805,54228.9,4347341.0,0.804
2005/04/08,0.8,0.802,0.808,21328.0,1717204.0,0.807
2005/04/11,0.81,0.81,0.822,46324.83,3786338.0,0.817
2005/04/12,0.809,0.817,0.817,76609.0,6216291.0,0.813
2005/04/13,0.817,0.819,0.827,32223.01,2650808.0,0.827
2005/04/14,0.824,0.829,0.83,31320.81,2587982.0,0.825
2005/04/15,0.815,0.825,0.825,27976.0,2290429.0,0.815
2005/04/18,0.798,0.813,0.813,61584.91,4933135.0,0.8
2005/04/19,0.794,0.796,0.805,47163.51,3770149.0,0.805
2005/04/20,0.801,0.802,0.81,33736.27,2718659.0,0.807
2005/04/21,0.8,0.804,0.814,53136.41,4295784.0,0.813
2005/04/22,0.81,0.814,0.814,26008.07,2112009.0,0.813
2005/04/25,0.812,0.813,0.819,29218.01,2386700.0,0.819
2005/04/26,0.817,0.82,0.83,31077.94,2564453.0,0.829
2005/04/27,0.827,0.827,0.835,57075.0,4739313.0,0.834
2005/04/28,0.831,0.834,0.839,60654.87,5073923.0,0.838
2005/04/29,0.828,0.838,0.838,36694.0,3062699.0,0.829
2005/05/09,0.823,0.829,0.833,51846.56,4282232.0,0.823
2005/05/10,0.8,0.818,0.821,58751.0,4769160.0,0.806
2005/05/11,0.8,0.806,0.811,42539.0,3430261.0,0.8
2005/05/12,0.772,0.795,0.798,58634.23,4589516.0,0.776
2005/05/13,0.77,0.774,0.777,32785.76,2534347.0,0.776
2005/05/16,0.759,0.764,0.766,55586.47,4234882.0,0.759
2005/05/17,0.752,0.754,0.766,18731.0,1426842.0,0.766
2005/05/18,0.756,0.765,0.769,70297.0,5364451.0,0.758
2005/05/19,0.74,0.758,0.758,57599.39,4289578.0,0.744
2005/05/20,0.735,0.742,0.744,38250.0,2832389.0,0.744
2005/05/23,0.735,0.744,0.744,20505.42,1516615.0,0.738
2005/05/24,0.73,0.738,0.743,79075.0,5799961.0,0.735
2005/05/25,0.731,0.736,0.738,72783.7,5342937.0,0.732
2005/05/26,0.728,0.735,0.736,78957.57,5774586.0,0.73
2005/05/27,0.717,0.728,0.729,75940.12,5497194.0,0.718
2005/05/30,0.706,0.706,0.719,33046.0,2345144.0,0.717
2005/05/31,0.711,0.711,0.726,13114.0,945109.0,0.72
2005/06/01,0.716,0.727,0.727,46474.3,3337672.0,0.72
2005/06/02,0.706,0.718,0.718,36135.01,2564516.0,0.708
2005/06/03,0.7,0.705,0.708,33318.0,2339106.0,0.706
2005/06/06,0.697,0.7,0.71,13894.27,978665.0,0.71
2005/06/07,0.71,0.715,0.724,34300.28,2463511.0,0.723
2005/06/08,0.72,0.72,0.768,73784.94,5520437.0,0.767
2005/06/09,0.751,0.768,0.77,95153.0,7272204.0,0.761
2005/06/10,0.743,0.758,0.762,62701.0,4702595.0,0.745
2005/06/13,0.744,0.744,0.75,22355.33,1670202.0,0.75
2005/06/14,0.747,0.75,0.754,27304.0,2048145.0,0.747
2005/06/15,0.736,0.745,0.745,16252.0,1201619.0,0.736
2005/06/16,0.734,0.738,0.741,11907.82,877297.0,0.741
2005/06/17,0.736,0.743,0.743,21259.0,1571589.0,0.737
2005/06/20,0.736,0.74,0.76,14917.5,1112887.0,0.76
2005/06/21,0.748,0.76,0.76,14847.0,1114456.0,0.754
2005/06/22,0.748,0.748,0.758,9603.0,724125.0,0.757
2005/06/23,0.753,0.76,0.76,14692.0,1109699.0,0.756
2005/06/24,0.748,0.75,0.756,3480.0,261596.0,0.755
2005/06/27,0.755,0.755,0.772,29168.82,2236445.0,0.767
2005/06/28,0.757,0.768,0.768,12849.0,977078.0,0.757
2005/06/29,0.76,0.76,0.77,14460.0,1101651.0,0.761
2005/06/30,0.751,0.758,0.764,6819.0,517398.0,0.752
2005/07/01,0.74,0.752,0.752,11749.0,873763.0,0.74
2005/07/04,0.733,0.741,0.741,49914.08,3670587.0,0.738
2005/07/05,0.736,0.738,0.741,2236.0,165060.0,0.741
2005/07/06,0.739,0.739,0.754,11570.0,865722.0,0.75
2005/07/07,0.753,0.753,0.762,60575.0,4584007.0,0.757
2005/07/08,0.748,0.75,0.753,3221.42,241220.0,0.749
2005/07/11,0.748,0.748,0.76,10859.0,818720.0,0.75
2005/07/12,0.75,0.75,0.762,16687.67,1260609.0,0.761
2005/07/13,0.758,0.758,0.765,9310.0,710060.0,0.765
2005/07/14,0.762,0.767,0.775,22587.0,1735646.0,0.775
2005/07/15,0.773,0.774,0.787,67682.59,5306328.0,0.785
2005/07/18,0.78,0.784,0.792,29368.89,2312535.0,0.792
2005/07/19,0.789,0.792,0.794,71718.8,5678947.0,0.792
2005/07/20,0.79,0.79,0.807,122695.6,9816891.0,0.807
2005/07/21,0.803,0.805,0.819,195677.3,15868952.0,0.812
2005/07/22,0.808,0.814,0.825,256317.28,20967130.0,0.819
2005/07/25,0.813,0.818,0.822,172742.0,14113513.0,0.815
2005/07/26,0.813,0.814,0.826,193087.5,15861661.0,0.822
2005/07/27,0.81,0.822,0.828,43835.69,3591396.0,0.826
2005/07/28,0.825,0.825,0.835,43929.0,3645408.0,0.828
2005/07/29,0.824,0.827,0.833,32670.8,2710949.0,0.83
2005/08/01,0.828,0.828,0.845,51243.5,4290138.0,0.842
2005/08/02,0.841,0.842,0.859,77396.0,6559408.0,0.854
2005/08/03,0.845,0.854,0.863,102302.0,8762452.0,0.846
2005/08/04,0.833,0.842,0.849,39149.0,3295422.0,0.838
2005/08/05,0.836,0.836,0.85,40466.0,3415526.0,0.847
2005/08/08,0.81,0.81,0.85,33676.0,2827976.0,0.839
2005/08/09,0.821,0.838,0.838,24409.25,2015526.0,0.83
2005/08/10,0.826,0.83,0.843,35110.9,2942919.0,0.842
2005/08/11,0.838,0.84,0.849,19829.0,1673533.0,0.848
2005/08/12,0.839,0.848,0.849,17572.0,1483299.0,0.84
2005/08/15,0.838,0.84,0.843,10770.0,905721.0,0.842
2005/08/16,0.832,0.843,0.85,18595.0,1561330.0,0.833
2005/08/17,0.831,0.831,0.836,36343.9,3029142.0,0.835
2005/08/18,0.82,0.835,0.842,27477.7,2300308.0,0.823
2005/08/19,0.821,0.821,0.83,38115.0,3149399.0,0.826
2005/08/22,0.825,0.825,0.835,42216.0,3514522.0,0.835
2005/08/23,0.831,0.832,0.837,12620.0,1051628.0,0.832
2005/08/24,0.83,0.83,0.842,24083.0,2016016.0,0.838
2005/08/25,0.832,0.837,0.841,16457.11,1381144.0,0.839
2005/08/26,0.836,0.839,0.845,22104.99,1862047.0,0.844
2005/08/29,0.842,0.844,0.847,21636.68,1828863.0,0.846
2005/08/30,0.844,0.845,0.847,9964.5,842592.0,0.846
2005/08/31,0.843,0.845,0.855,36027.04,3056052.0,0.854
2005/09/01,0.847,0.848,0.857,18057.0,1542128.0,0.854
2005/09/02,0.851,0.853,0.855,9790.9,835250.0,0.853
2005/09/05,0.851,0.851,0.858,22621.0,1932906.0,0.857
2005/09/06,0.851,0.857,0.857,36023.0,3073878.0,0.851
2005/09/07,0.851,0.851,0.873,35866.0,3083053.0,0.87
2005/09/08,0.863,0.865,0.87,13333.0,1157477.0,0.868
2005/09/09,0.863,0.868,0.868,11535.0,996653.0,0.864
2005/09/12,0.864,0.864,0.869,8501.0,736784.0,0.864
2005/09/13,0.862,0.863,0.869,17090.0,1481464.0,0.869
2005/09/14,0.868,0.87,0.872,22321.15,1941805.0,0.87
2005/09/15,0.868,0.871,0.877,17278.0,1507103.0,0.876
2005/09/16,0.873,0.875,0.88,22692.6,1988653.0,0.878
2005/09/19,0.873,0.878,0.889,48244.1,4252775.0,0.885
2005/09/20,0.881,0.884,0.888,29343.02,2595617.0,0.885
2005/09/21,0.874,0.883,0.888,45489.21,4001721.0,0.877
2005/09/22,0.851,0.874,0.876,43147.0,3716426.0,0.858
2005/09/23,0.856,0.859,0.86,17632.0,1513063.0,0.858
2005/09/26,0.852,0.858,0.864,10614.0,912507.0,0.864
2005/09/27,0.855,0.862,0.862,7759.0,667058.0,0.861
2005/09/28,0.852,0.854,0.861,11535.0,987717.0,0.852
2005/09/29,0.852,0.856,0.856,19001.2,1622494.0,0.855
2005/09/30,0.85,0.855,0.86,2075.0,177171.0,0.855
2005/10/10,0.85,0.856,0.856,4807.0,409240.0,0.852
2005/10/11,0.852,0.855,0.856,4665.0,397924.0,0.856
2005/10/12,0.853,0.853,0.862,12312.0,1057838.0,0.861
2005/10/13,0.858,0.861,0.861,8545.02,734314.0,0.859
2005/10/14,0.85,0.858,0.859,2911.0,247782.0,0.85
2005/10/17,0.843,0.851,0.852,5841.0,496238.0,0.849
2005/10/18,0.839,0.845,0.848,31191.0,2634373.0,0.84
2005/10/19,0.84,0.84,0.852,12117.0,1021578.0,0.844
2005/10/20,0.838,0.84,0.841,11338.99,951770.0,0.838
2005/10/21,0.829,0.838,0.84,43063.0,3577900.0,0.83
2005/10/24,0.826,0.832,0.838,8088.9,674781.0,0.838
2005/10/25,0.836,0.842,0.842,6716.0,562625.0,0.837
2005/10/26,0.833,0.836,0.839,4900.0,409742.0,0.833
2005/10/27,0.819,0.819,0.836,2643.5,220356.0,0.834
2005/10/28,0.822,0.822,0.838,10254.39,855967.0,0.833
2005/10/31,0.812,0.882,0.882,6585.7,551530.0,0.842
2005/11/01,0.831,0.831,0.841,4686.4,392420.0,0.841
2005/11/02,0.845,0.846,0.853,2924.01,248379.0,0.848
2005/11/03,0.841,0.846,0.85,2115.0,179398.0,0.845
2005/11/04,0.84,0.84,0.848,5510.1,466144.0,0.848
2005/11/07,0.84,0.842,0.848,4242.1,358599.0,0.847
2005/11/08,0.846,0.846,0.88,27572.5,2392446.0,0.865
2005/11/09,0.853,0.861,0.867,14328.0,1231357.0,0.853
2005/11/10,0.836,0.853,0.853,18816.0,1581655.0,0.837
2005/11/11,0.834,0.834,0.841,11129.0,930812.0,0.834
2005/11/14,0.831,0.834,0.837,7617.01,634801.0,0.834
2005/11/15,0.829,0.835,0.835,9543.0,794062.0,0.829
2005/11/16,0.824,0.83,0.836,11673.0,965226.0,0.826
2005/11/17,0.829,0.83,0.832,8695.0,721869.0,0.829
2005/11/18,0.833,0.833,0.841,12355.01,1035267.0,0.841
2005/11/21,0.84,0.841,0.846,8389.88,707707.0,0.846
2005/11/22,0.839,0.846,0.847,40324.0,3399369.0,0.839
2005/11/23,0.839,0.839,0.845,2877.0,242602.0,0.843
2005/11/24,0.838,0.838,0.846,3879.0,327542.0,0.845
2005/11/25,0.84,0.847,0.849,4133.0,349091.0,0.845
2005/11/28,0.842,0.845,0.85,11946.0,1013617.0,0.85
2005/11/29,0.846,0.851,0.852,4509.0,383250.0,0.85
2005/11/30,0.85,0.852,0.855,4102.26,349715.0,0.854
2005/12/01,0.849,0.849,0.857,6334.05,541574.0,0.855
2005/12/02,0.852,0.852,0.855,3141.0,267921.0,0.853
2005/12/05,0.848,0.85,0.858,16260.0,1389992.0,0.856
2005/12/06,0.851,0.853,0.862,35575.0,3054929.0,0.861
2005/12/07,0.858,0.864,0.864,3142.0,270192.0,0.858
2005/12/08,0.856,0.858,0.86,7285.92,625733.0,0.858
2005/12/09,0.851,0.851,0.859,12493.36,1071361.0,0.854
2005/12/12,0.853,0.859,0.859,2686.0,229548.0,0.857
2005/12/13,0.85,0.855,0.857,8854.06,757963.0,0.857
2005/12/14,0.851,0.853,0.858,8982.0,768677.0,0.858
2005/12/15,0.859,0.859,0.863,7331.0,630962.0,0.862
2005/12/16,0.851,0.851,0.864,1407.0,121259.0,0.864
2005/12/19,0.863,0.863,0.874,11339.0,984689.0,0.872
2005/12/20,0.868,0.868,0.872,4956.0,431595.0,0.871
2005/12/21,0.865,0.871,0.872,13562.0,1175960.0,0.865
2005/12/22,0.862,0.862,0.87,17270.0,1496517.0,0.87
2005/12/23,0.862,0.862,0.875,6019.0,523899.0,0.875
2005/12/26,0.875,0.875,0.881,21816.49,1917053.0,0.88
2005/12/27,0.873,0.88,0.88,4677.0,409338.0,0.878
2005/12/28,0.866,0.868,0.878,6015.59,527574.0,0.878
2005/12/29,0.876,0.879,0.881,20491.52,1801512.0,0.88
2005/12/30,0.873,0.879,0.883,20049.0,1763781.0,0.881
2006/01/04,0.877,0.88,0.895,33261.0,2953611.0,0.892
2006/01/05,0.887,0.892,0.908,38220.8,3434965.0,0.9
2006/01/06,0.896,0.899,0.906,14596.0,1318134.0,0.905
2006/01/09,0.905,0.905,0.92,57102.4,5203256.0,0.919
2006/01/10,0.906,0.91,0.912,19272.0,1753052.0,0.908
2006/01/11,0.9,0.909,0.909,27176.0,2460505.0,0.907
2006/01/12,0.902,0.905,0.912,6994.0,635698.0,0.912
2006/01/13,0.904,0.912,0.912,16958.9,1543473.0,0.912
2006/01/16,0.912,0.912,0.92,35658.0,3268007.0,0.913
2006/01/17,0.91,0.911,0.918,63820.12,5830210.0,0.915
2006/01/18,0.912,0.912,0.931,92580.13,8552668.0,0.931
2006/01/19,0.93,0.931,0.937,45443.0,4246658.0,0.934
2006/01/20,0.934,0.934,0.938,30022.94,2809754.0,0.937
2006/01/23,0.936,0.936,0.956,63740.01,6056807.0,0.955
2006/01/24,0.945,0.955,0.955,31048.79,2952201.0,0.951
2006/01/25,0.946,0.951,0.954,22369.0,2125650.0,0.947
2006/02/06,0.95,0.95,0.96,44839.0,4277316.0,0.958
2006/02/07,0.958,0.961,0.966,37202.0,3572055.0,0.959
2006/02/08,0.955,0.958,0.958,29882.0,2859174.0,0.956
2006/02/09,0.944,0.954,0.954,14423.0,1366509.0,0.945
2006/02/10,0.943,0.944,0.95,15815.79,1496719.0,0.95
2006/02/13,0.947,0.951,0.956,16090.0,1528442.0,0.947
2006/02/14,0.945,0.948,0.952,54714.0,5183299.0,0.947
2006/02/15,0.948,0.95,0.952,21740.0,2066412.0,0.949
2006/02/16,0.938,0.949,0.954,17506.0,1654525.0,0.939
2006/02/17,0.939,0.939,0.949,9722.0,917535.0,0.943
2006/02/20,0.936,0.936,0.945,14939.0,1406862.0,0.941
2006/02/21,0.932,0.941,0.942,23516.01,2201606.0,0.941
2006/02/22,0.942,0.942,0.951,32966.5,3119945.0,0.947
2006/02/23,0.94,0.952,0.952,9013.0,850240.0,0.942
2006/02/24,0.943,0.943,0.95,9018.01,855730.0,0.949
2006/02/27,0.946,0.95,0.952,12097.0,1146638.0,0.947
2006/02/28,0.938,0.944,0.945,13659.11,1286171.0,0.944
2006/03/01,0.937,0.938,0.945,20971.1,1971971.0,0.942
2006/03/02,0.937,0.942,0.944,7879.0,741276.0,0.937
2006/03/03,0.93,0.931,0.94,50296.82,4710988.0,0.94
2006/03/06,0.94,0.941,0.95,22458.0,2124908.0,0.95
2006/03/07,0.945,0.95,0.955,22449.94,2131243.0,0.947
2006/03/08,0.94,0.945,0.949,19627.0,1854589.0,0.941
2006/03/09,0.938,0.94,0.951,16550.02,1565781.0,0.945
2006/03/10,0.941,0.941,0.963,33412.44,3199304.0,0.96
2006/03/13,0.955,0.955,0.98,25728.84,2487790.0,0.978
2006/03/14,0.978,0.98,0.996,58362.48,5780075.0,0.996
2006/03/15,0.994,0.996,1.008,25321.01,2539285.0,1.006
2006/03/16,1.0,1.008,1.009,28353.26,2843825.0,1.001
2006/03/17,0.995,0.995,1.0,24449.0,2438233.0,0.998
2006/03/20,0.995,0.998,1.009,22641.0,2273347.0,1.008
2006/03/21,1.001,1.008,1.023,32854.2,3346352.0,1.019
2006/03/22,1.013,1.018,1.09,40876.02,4174772.0,1.024
2006/03/23,1.019,1.021,1.033,21180.6,2172475.0,1.032
2006/03/24,1.021,1.03,1.032,32077.83,3298136.0,1.025
2006/03/27,1.025,1.025,1.038,6223.1,642176.0,1.03
2006/03/28,1.033,1.033,1.05,26863.18,2803986.0,1.05
2006/03/29,1.05,1.05,1.066,29309.0,3114385.0,1.064
2006/03/30,1.055,1.06,1.073,36317.01,3869067.0,1.061
2006/03/31,1.038,1.05,1.07,55935.81,5880265.0,1.065
2006/04/03,1.065,1.066,1.09,49967.67,5360280.0,1.074
2006/04/04,1.04,1.058,1.058,21306.73,2226845.0,1.041
2006/04/05,1.041,1.042,1.065,40559.83,4271309.0,1.065
2006/04/06,1.051,1.064,1.088,94642.18,10191572.0,1.074
2006/04/07,1.065,1.072,1.085,65135.09,7041695.0,1.085
2006/04/10,1.09,1.09,1.125,74720.48,8319478.0,1.125
2006/04/11,1.111,1.125,1.148,86251.12,9718187.0,1.126
2006/04/12,1.105,1.123,1.126,90705.62,10082496.0,1.11
2006/04/13,1.08,1.11,1.114,59341.88,6514494.0,1.08
2006/04/14,1.06,1.07,1.116,57380.52,6274948.0,1.115
2006/04/17,1.082,1.115,1.13,63203.51,7030390.0,1.125
2006/04/18,1.101,1.122,1.123,71359.93,7980308.0,1.12
2006/04/19,1.106,1.106,1.117,37281.85,4144236.0,1.11
2006/04/20,1.107,1.11,1.12,55836.19,6218258.0,1.107
2006/04/21,1.093,1.111,1.13,64450.8,7151118.0,1.128
2006/04/24,1.134,1.139,1.16,116459.03,13333441.0,1.155
2006/04/25,1.14,1.155,1.158,105683.74,12132243.0,1.15
2006/04/26,1.16,1.16,1.18,88245.8,10326292.0,1.18
2006/04/27,1.173,1.181,1.195,56798.0,6730883.0,1.177
2006/04/28,1.15,1.17,1.199,72450.82,8581086.0,1.198
2006/05/08,1.195,1.196,1.22,107323.19,12948076.0,1.207
2006/05/09,1.203,1.208,1.224,58923.75,7154013.0,1.224
2006/05/10,1.21,1.223,1.23,56072.62,6862608.0,1.226
2006/05/11,1.2,1.226,1.256,100257.3,12434757.0,1.24
2006/05/12,1.23,1.24,1.302,101908.45,12883612.0,1.301
2006/05/15,1.305,1.305,1.379,112128.03,15110691.0,1.378
2006/05/16,1.299,1.378,1.378,82815.0,11023624.0,1.301
2006/05/17,1.282,1.301,1.318,89122.04,11591731.0,1.292
2006/05/18,1.267,1.29,1.29,68309.22,8737457.0,1.288
2006/05/19,1.28,1.28,1.33,65426.83,8588599.0,1.311
2006/05/22,1.285,1.307,1.307,92208.66,11986140.0,1.301
2006/05/23,1.265,1.296,1.296,75932.63,9685457.0,1.273
2006/05/24,1.232,1.265,1.288,57954.75,7265552.0,1.244
2006/05/25,1.237,1.24,1.265,20797.46,2582673.0,1.247
2006/05/26,1.248,1.248,1.274,68910.82,8742102.0,1.27
2006/05/29,1.261,1.29,1.3,110721.85,14317759.0,1.293
2006/05/30,1.287,1.293,1.304,43537.24,5651193.0,1.301
2006/05/31,1.278,1.299,1.301,52524.12,6812588.0,1.285
2006/06/01,1.287,1.287,1.32,61661.86,8099763.0,1.319
2006/06/02,1.315,1.321,1.333,39384.49,5215278.0,1.318
2006/06/05,1.3,1.328,1.348,51065.3,6789179.0,1.345
2006/06/06,1.345,1.346,1.46,166266.02,23424320.0,1.424
2006/06/07,1.36,1.425,1.43,91777.94,12754331.0,1.371
2006/06/08,1.314,1.35,1.35,38260.9,5106865.0,1.347
2006/06/09,1.3,1.345,1.346,36431.16,4868789.0,1.329
2006/06/12,1.271,1.32,1.33,30751.0,4043075.0,1.33
2006/06/13,1.31,1.33,1.333,16773.0,2221068.0,1.323
2006/06/14,1.32,1.328,1.338,29180.26,3890120.0,1.332
2006/06/15,1.33,1.333,1.343,12014.0,1604099.0,1.332
2006/06/16,1.329,1.332,1.358,15911.0,2144383.0,1.356
2006/06/19,1.349,1.356,1.377,21907.05,2993222.0,1.371
2006/06/20,1.353,1.37,1.372,23495.66,3194514.0,1.363
2006/06/21,1.346,1.358,1.36,20769.01,2809762.0,1.355
2006/06/22,1.346,1.35,1.359,11949.71,1619374.0,1.353
2006/06/23,1.346,1.346,1.357,8592.63,1162729.0,1.356
2006/06/26,1.36,1.365,1.372,29997.52,4104594.0,1.371
2006/06/27,1.36,1.375,1.375,12039.88,1642752.0,1.364
2006/06/28,1.35,1.365,1.366,24043.94,3258261.0,1.36
2006/06/29,1.36,1.36,1.385,32625.28,4497934.0,1.381
2006/06/30,1.378,1.383,1.4,63454.0,8841574.0,1.386
2006/07/03,1.392,1.392,1.424,31840.77,4496737.0,1.419
2006/07/04,1.41,1.41,1.43,38248.17,5439125.0,1.418
2006/07/05,1.418,1.429,1.431,33791.7,4820336.0,1.43
2006/07/06,1.435,1.435,1.455,18697.25,2710037.0,1.452
2006/07/07,1.445,1.452,1.454,18192.0,2639908.0,1.452
2006/07/10,1.455,1.455,1.47,20280.34,2962662.0,1.47
2006/07/11,1.473,1.474,1.504,29733.0,4447556.0,1.498
2006/07/12,1.503,1.51,1.516,14671.0,2217720.0,1.503
2006/07/13,1.4,1.49,1.503,49699.34,7267313.0,1.45
2006/07/14,1.41,1.44,1.452,9452.69,1360800.0,1.452
2006/07/17,1.431,1.454,1.455,11521.8,1671771.0,1.452
2006/07/18,1.441,1.448,1.46,10951.01,1587396.0,1.456
2006/07/19,1.415,1.458,1.458,20284.66,2908527.0,1.421
2006/07/20,1.401,1.425,1.423,18500.86,2602954.0,1.412
2006/07/21,1.402,1.413,1.43,10286.0,1460529.0,1.417
2006/07/24,1.403,1.403,1.42,6317.38,889168.0,1.419
2006/07/25,1.411,1.411,1.443,5131.2,734165.0,1.443
2006/07/26,1.423,1.44,1.445,11788.66,1684385.0,1.425
2006/07/27,1.412,1.44,1.44,4824.0,685989.0,1.418
2006/07/28,1.384,1.411,1.411,21760.0,3028639.0,1.384
2006/07/31,1.335,1.381,1.383,17739.5,2395932.0,1.336
2006/08/01,1.333,1.342,1.343,11783.21,1576633.0,1.336
2006/08/02,1.3,1.335,1.338,14658.0,1934753.0,1.322
2006/08/03,1.315,1.323,1.326,5035.0,664476.0,1.32
2006/08/04,1.299,1.319,1.32,15991.0,2095092.0,1.31
2006/08/07,1.28,1.3,1.3,19846.64,2547981.0,1.286
2006/08/08,1.282,1.284,1.34,100507.5,13055984.0,1.335
2006/08/09,1.325,1.33,1.338,14167.34,1886021.0,1.332
2006/08/10,1.339,1.339,1.347,24103.0,3239939.0,1.344
2006/08/11,1.342,1.351,1.351,16143.0,2173899.0,1.345
2006/08/14,1.33,1.346,1.353,42437.0,5715966.0,1.339
2006/08/15,1.33,1.339,1.353,28418.0,3811338.0,1.353
2006/08/16,1.353,1.353,1.375,42345.5,5772196.0,1.373
2006/08/17,1.362,1.362,1.375,14759.36,2022992.0,1.37
2006/08/18,1.37,1.37,1.377,27017.0,3711638.0,1.37
2006/08/21,1.333,1.351,1.374,30446.01,4142336.0,1.372
2006/08/22,1.368,1.372,1.392,6873.51,947941.0,1.383
2006/08/23,1.382,1.383,1.392,47496.0,6585767.0,1.382
2006/08/24,1.378,1.382,1.385,4399.0,607495.0,1.382
2006/08/25,1.383,1.383,1.39,16507.2,2291588.0,1.389
2006/08/28,1.39,1.39,1.42,73703.4,10426807.0,1.418
2006/08/29,1.419,1.421,1.445,53830.54,7742736.0,1.428
2006/08/30,1.42,1.422,1.43,8107.0,1155923.0,1.43
2006/08/31,1.425,1.435,1.44,59306.01,8494880.0,1.436
2006/09/01,1.419,1.425,1.436,48109.4,6849888.0,1.43
2006/09/04,1.413,1.42,1.428,48152.51,6829794.0,1.424
2006/09/05,1.41,1.421,1.427,37142.08,5283347.0,1.426
2006/09/06,1.419,1.425,1.427,7344.0,1046199.0,1.427
2006/09/07,1.421,1.424,1.426,15248.6,2171715.0,1.426
2006/09/08,1.418,1.418,1.434,9306.0,1329508.0,1.426
2006/09/11,1.421,1.425,1.433,29303.0,4189790.0,1.431
2006/09/12,1.43,1.43,1.438,18817.0,2697273.0,1.434
2006/09/13,1.43,1.434,1.44,52510.0,7538432.0,1.431
2006/09/14,1.423,1.43,1.439,6473.51,923617.0,1.426
2006/09/15,1.423,1.425,1.44,15851.12,2271601.0,1.439
2006/09/18,1.44,1.441,1.448,18706.29,2699221.0,1.446
2006/09/19,1.441,1.446,1.447,9991.49,1444430.0,1.445
2006/09/20,1.438,1.44,1.446,44096.0,6350485.0,1.44
2006/09/21,1.441,1.441,1.448,41971.78,6063698.0,1.444
2006/09/22,1.44,1.44,1.447,17393.78,2508249.0,1.444
2006/09/25,1.43,1.44,1.447,24824.0,3567757.0,1.44
2006/09/26,1.401,1.43,1.43,31906.0,4508474.0,1.414
2006/09/27,1.4,1.4,1.419,12786.5,1805024.0,1.414
2006/09/28,1.415,1.418,1.43,21242.0,3029401.0,1.426
2006/09/29,1.43,1.43,1.449,46321.6,6676636.0,1.442
2006/10/09,1.445,1.46,1.46,18598.0,2708344.0,1.456
2006/10/10,1.443,1.456,1.456,32984.0,4773217.0,1.45
2006/10/11,1.438,1.446,1.447,3653.94,526998.0,1.446
2006/10/12,1.43,1.441,1.441,17791.0,2551306.0,1.433
2006/10/13,1.426,1.433,1.433,7460.01,1066725.0,1.431
2006/10/16,1.418,1.431,1.431,20581.0,2925146.0,1.419
2006/10/17,1.411,1.414,1.417,20961.8,2963862.0,1.414
2006/10/18,1.41,1.41,1.425,45260.18,6442665.0,1.424
2006/10/19,1.417,1.422,1.427,14312.89,2036034.0,1.424
2006/10/20,1.42,1.42,1.425,3199.19,454921.0,1.424
2006/10/23,1.412,1.425,1.428,7580.0,1078026.0,1.415
2006/10/24,1.411,1.411,1.446,29122.34,4173884.0,1.446
2006/10/25,1.431,1.445,1.445,26550.65,3813426.0,1.436
2006/10/26,1.437,1.437,1.45,75910.06,10955667.0,1.443
2006/10/27,1.425,1.447,1.447,57877.81,8317994.0,1.432
2006/10/30,1.42,1.429,1.455,34065.18,4898754.0,1.454
2006/10/31,1.454,1.454,1.495,145343.02,21470900.0,1.494
2006/11/01,1.453,1.5,1.503,41256.48,6157210.0,1.494
2006/11/02,1.487,1.493,1.503,50090.81,7495598.0,1.495
2006/11/03,1.5,1.501,1.512,29512.67,4441981.0,1.508
2006/11/06,1.507,1.509,1.518,18701.3,2828259.0,1.513
2006/11/07,1.505,1.514,1.514,20339.0,3067765.0,1.512
2006/11/08,1.505,1.505,1.518,24917.2,3759003.0,1.513
2006/11/09,1.505,1.505,1.522,54302.0,8232370.0,1.514
2006/11/10,1.515,1.515,1.531,57422.9,8745561.0,1.52
2006/11/13,1.505,1.506,1.524,109289.16,16525961.0,1.505
2006/11/14,1.49,1.5,1.509,49501.28,7418461.0,1.505
2006/11/15,1.5,1.506,1.517,56554.13,8504945.0,1.517
2006/11/16,1.51,1.516,1.527,94932.98,14391001.0,1.517
2006/11/17,1.501,1.517,1.519,42219.0,6383845.0,1.517
2006/11/20,1.512,1.527,1.529,30026.73,4553351.0,1.519
2006/11/21,1.496,1.516,1.519,51707.89,7758272.0,1.514
2006/11/22,1.5,1.51,1.516,38990.3,5867081.0,1.515
2006/11/23,1.47,1.513,1.535,91666.61,13952139.0,1.523
2006/11/24,1.52,1.52,1.557,128929.46,19805174.0,1.555
2006/11/27,1.561,1.561,1.583,50368.0,7924096.0,1.575
2006/11/28,1.573,1.576,1.658,56140.96,8947031.0,1.649
2006/11/29,1.609,1.625,1.655,41191.0,6728175.0,1.654
2006/11/30,1.66,1.66,1.818,212589.31,36405372.0,1.728
2006/12/01,1.716,1.728,1.76,43878.0,7633965.0,1.738
2006/12/04,1.768,1.768,1.877,64256.21,11667668.0,1.814
2006/12/05,1.75,1.815,1.832,129135.39,22834504.0,1.753
2006/12/06,1.67,1.76,1.769,74887.1,12877079.0,1.74
2006/12/07,1.713,1.718,1.75,61946.05,10766913.0,1.735
2006/12/08,1.705,1.719,1.719,44174.0,7554536.0,1.706
2006/12/11,1.683,1.698,1.734,28819.16,4940328.0,1.731
2006/12/12,1.72,1.748,1.748,32139.39,5580668.0,1.73
2006/12/13,1.726,1.731,1.744,63693.0,11043362.0,1.733
2006/12/14,1.733,1.733,1.769,58382.34,10222554.0,1.768
2006/12/15,1.775,1.78,1.823,52312.79,9470886.0,1.823
2006/12/18,1.831,1.831,1.878,38763.73,7185209.0,1.865
2006/12/19,1.836,1.878,1.878,47577.14,8851564.0,1.868
2006/12/20,1.851,1.86,1.89,43350.52,8132757.0,1.89
2006/12/21,1.871,1.903,1.915,49014.18,9283286.0,1.871
2006/12/22,1.86,1.871,1.876,46303.0,8653357.0,1.869
2006/12/25,1.87,1.871,1.901,27857.0,5267169.0,1.891
2006/12/26,1.88,1.88,1.926,31907.59,6110376.0,1.907
2006/12/27,1.9,1.925,1.938,72276.1,13878730.0,1.904
2006/12/28,1.922,1.923,1.959,94147.7,18288090.0,1.95
2006/12/29,1.952,1.952,2.06,203475.5,41683824.0,2.04
2007/01/04,2.071,2.1,2.148,111256.99,23332544.0,2.08
2007/01/05,2.011,2.075,2.098,69135.01,14323614.0,2.067
2007/01/08,2.09,2.09,2.144,115514.15,24365188.0,2.139
2007/01/09,2.151,2.159,2.24,79696.11,17412052.0,2.224
2007/01/10,2.19,2.222,2.24,53491.82,11880245.0,2.232
2007/01/11,2.201,2.23,2.239,42144.1,9356012.0,2.216
2007/01/12,2.17,2.187,2.21,42382.19,9248627.0,2.17
2007/01/15,2.191,2.198,2.25,32760.01,7307117.0,2.238
2007/01/16,2.218,2.238,2.267,64558.01,14431398.0,2.239
2007/01/17,2.2,2.252,2.258,77203.44,17234768.0,2.22
2007/01/18,2.181,2.221,2.258,53540.1,11878202.0,2.257
2007/01/19,2.251,2.257,2.448,127933.46,30130424.0,2.395
2007/01/22,2.433,2.44,2.51,79535.14,19787236.0,2.505
2007/01/23,2.491,2.518,2.538,53412.77,13463118.0,2.528
2007/01/24,2.44,2.55,2.55,42931.8,10762851.0,2.518
2007/01/25,2.45,2.516,2.516,50614.7,12577382.0,2.476
2007/01/26,2.3,2.4,2.442,42869.0,10162354.0,2.442
2007/01/29,2.415,2.445,2.465,42450.82,10320312.0,2.42
2007/01/30,2.396,2.43,2.439,28472.0,6862688.0,2.399
2007/01/31,2.282,2.399,2.399,33939.78,7896611.0,2.287
2007/02/01,2.2,2.241,2.285,93895.62,20992264.0,2.261
2007/02/02,2.22,2.262,2.275,33570.3,7505595.0,2.222
2007/02/05,2.1,2.2,2.2,44949.96,9710982.0,2.152
2007/02/06,2.152,2.162,2.24,51558.73,11346720.0,2.237
2007/02/07,2.261,2.261,2.31,100424.12,22891378.0,2.275
2007/02/08,2.252,2.289,2.29,58585.0,13272673.0,2.268
2007/02/09,2.282,2.291,2.426,80495.89,18740988.0,2.386
2007/02/12,2.31,2.344,2.418,59414.3,14199190.0,2.407
2007/02/13,2.382,2.409,2.41,36533.0,8754578.0,2.396
2007/02/14,2.382,2.397,2.45,37389.72,9054429.0,2.44
2007/02/15,2.442,2.442,2.51,37193.91,9271500.0,2.499
2007/02/16,2.515,2.515,2.58,42264.3,10712160.0,2.53
2007/02/26,2.495,2.53,2.555,60075.01,15110068.0,2.514
2007/02/27,2.3,2.52,2.52,99202.98,24195916.0,2.328
2007/02/28,2.301,2.31,2.39,183518.52,43325432.0,2.37
2007/03/01,2.28,2.371,2.386,63475.29,14777167.0,2.285
2007/03/02,2.283,2.283,2.325,48703.64,11257732.0,2.318
2007/03/05,2.18,2.3,2.315,99653.88,22162948.0,2.229
2007/03/06,2.19,2.225,2.288,33131.97,7451581.0,2.278
2007/03/07,2.288,2.288,2.354,48280.78,11278607.0,2.353
2007/03/08,2.35,2.355,2.39,34769.12,8241231.0,2.388
2007/03/09,2.39,2.402,2.474,98340.0,23897458.0,2.47
2007/03/12,2.43,2.47,2.47,70160.31,17196432.0,2.45
2007/03/13,2.438,2.46,2.465,110681.65,27126892.0,2.465
2007/03/14,2.38,2.45,2.459,35730.1,8722903.0,2.455
2007/03/15,2.44,2.455,2.479,77976.26,19207248.0,2.475
2007/03/16,2.444,2.484,2.499,90551.72,22396812.0,2.468
2007/03/19,2.402,2.44,2.493,90647.35,22360116.0,2.484
2007/03/20,2.475,2.488,2.49,61942.52,15391142.0,2.489
2007/03/21,2.482,2.489,2.5,44951.66,11212795.0,2.5
2007/03/22,2.51,2.514,2.526,85949.36,21642920.0,2.516
2007/03/23,2.492,2.52,2.52,52670.94,13201269.0,2.515
2007/03/26,2.516,2.538,2.538,71473.43,18073980.0,2.53
2007/03/27,2.525,2.532,2.539,65820.51,16670010.0,2.538
2007/03/28,2.501,2.54,2.544,58313.99,14745879.0,2.535
2007/03/29,2.53,2.535,2.554,64294.19,16325424.0,2.548
2007/03/30,2.542,2.548,2.625,44972.0,11461068.0,2.547
2007/04/02,2.557,2.557,2.641,94663.6,24637480.0,2.639
2007/04/03,2.63,2.639,2.75,143803.68,38896520.0,2.744
2007/04/04,2.72,2.75,2.798,365169.19,100716480.0,2.738
2007/04/05,2.102,2.102,2.15,121673.9,25747870.0,2.115
2007/04/06,2.05,2.114,2.115,221100.28,46208256.0,2.106
2007/04/09,2.102,2.105,2.172,166382.93,35366520.0,2.165
2007/04/10,2.16,2.176,2.178,183633.65,39844280.0,2.174
2007/04/11,2.141,2.141,2.169,96862.51,20849416.0,2.159
2007/04/12,2.159,2.161,2.197,91402.78,19923928.0,2.196
2007/04/13,2.2,2.2,2.255,241455.73,53748868.0,2.213
2007/04/16,2.213,2.213,2.275,86445.67,19385878.0,2.267
2007/04/17,2.236,2.267,2.293,81245.0,18415468.0,2.267
2007/04/18,2.236,2.27,2.27,90896.78,20403608.0,2.241
2007/04/19,2.145,2.2,2.229,117395.84,25631644.0,2.154
2007/04/20,2.158,2.158,2.243,63508.06,14063924.0,2.239
2007/04/23,2.246,2.246,2.29,75899.88,17198042.0,2.29
2007/04/24,2.23,2.3,2.308,85568.29,19611516.0,2.303
2007/04/25,2.262,2.293,2.309,54518.33,12471344.0,2.308
2007/04/26,2.311,2.311,2.398,111746.78,26512152.0,2.391
2007/04/27,2.38,2.385,2.454,50581.65,12246730.0,2.429
2007/04/30,2.432,2.432,2.484,97422.35,24014306.0,2.479
2007/05/08,2.48,2.539,2.54,75113.3,18871214.0,2.524
2007/05/09,2.46,2.513,2.514,43611.59,10855034.0,2.505
2007/05/10,2.466,2.468,2.505,42689.16,10624056.0,2.488
2007/05/11,2.43,2.486,2.488,65141.81,15972534.0,2.475
2007/05/14,2.42,2.42,2.493,60807.47,15056612.0,2.486
2007/05/15,2.4,2.489,2.496,104574.07,25613044.0,2.432
2007/05/16,2.4,2.435,2.467,48134.56,11756087.0,2.465
2007/05/17,2.468,2.468,2.531,94432.57,23732992.0,2.519
2007/05/18,2.49,2.514,2.542,67828.14,17128108.0,2.539
2007/05/21,2.508,2.508,2.602,65996.66,17001646.0,2.602
2007/05/22,2.605,2.609,2.706,76298.31,20449732.0,2.681
2007/05/23,2.685,2.685,2.868,129332.71,36058672.0,2.847
2007/05/24,2.716,2.852,2.855,210124.68,58069872.0,2.742
2007/05/25,2.7,2.702,2.765,65088.21,17795602.0,2.754
2007/05/28,2.754,2.774,2.8,100855.85,28031712.0,2.775
2007/05/29,2.766,2.78,2.792,81343.62,22602722.0,2.789
2007/05/30,2.52,2.689,2.769,173965.07,46450060.0,2.61
2007/05/31,2.527,2.605,2.737,108106.94,28529740.0,2.699
2007/06/01,2.64,2.71,2.736,86686.5,23356962.0,2.65
2007/06/04,2.598,2.7,2.719,112988.06,30072832.0,2.601
2007/06/05,2.4,2.6,2.678,140280.81,36056888.0,2.618
2007/06/06,2.618,2.628,2.694,67842.06,18048684.0,2.678
2007/06/07,2.68,2.68,2.8,94000.61,25927200.0,2.79
2007/06/08,2.8,2.82,2.872,122288.24,34627944.0,2.836
2007/06/11,2.827,2.827,2.864,74568.12,21149138.0,2.843
2007/06/12,2.841,2.85,2.89,81554.11,23404436.0,2.889
2007/06/13,2.895,2.895,2.95,125048.45,36479944.0,2.93
2007/06/14,2.89,2.928,2.96,99636.91,28981778.0,2.925
2007/06/15,2.901,2.919,3.218,434065.27,130866368.0,3.0
2007/06/18,2.99,3.04,3.15,472499.59,144004928.0,3.118
2007/06/19,3.013,3.1,3.179,222727.33,68956864.0,3.063
2007/06/20,2.94,3.052,3.06,158865.6,47885216.0,2.963
2007/06/21,2.963,2.963,3.026,66366.78,19889892.0,3.018
2007/06/22,2.921,3.038,3.055,118481.65,35359276.0,2.97
2007/06/25,2.8,3.0,3.01,81109.71,23700588.0,2.869
2007/06/26,2.858,2.87,2.958,105050.51,30425224.0,2.939
2007/06/27,2.901,2.958,2.966,69135.48,20368412.0,2.964
2007/06/28,2.916,2.96,2.964,67485.45,19869454.0,2.918
2007/06/29,2.812,2.898,2.899,44104.0,12623884.0,2.85
2007/07/02,2.76,2.811,2.811,73576.95,20454508.0,2.769
2007/07/03,2.768,2.768,2.809,29945.28,8365066.0,2.808
2007/07/04,2.778,2.811,2.827,33770.16,9479863.0,2.785
2007/07/05,2.71,2.783,2.785,74373.1,20298404.0,2.72
2007/07/06,2.678,2.678,2.808,46826.07,12848772.0,2.807
2007/07/09,2.802,2.811,2.867,42808.84,12149213.0,2.86
2007/07/10,2.848,2.861,2.886,32773.71,9385023.0,2.857
2007/07/11,2.85,2.855,2.95,143210.03,41530572.0,2.928
2007/07/12,2.903,2.918,2.952,56464.03,16614683.0,2.94
2007/07/13,2.922,2.94,2.949,29079.43,8550177.0,2.945
2007/07/16,2.906,2.94,2.94,33791.0,9868860.0,2.918
2007/07/17,2.91,2.915,2.943,12663.23,3706135.0,2.933
2007/07/18,2.933,2.933,2.969,28364.01,8386871.0,2.96
2007/07/19,2.933,2.957,2.96,31752.73,9377410.0,2.955
2007/07/20,2.955,2.955,2.995,101844.47,30352626.0,2.991
2007/07/23,3.034,3.06,3.29,129960.39,40692044.0,3.15
2007/07/24,3.13,3.15,3.156,44093.0,13863643.0,3.133
2007/07/25,3.135,3.135,3.163,74769.64,23521428.0,3.147
2007/07/26,2.999,3.007,3.02,74037.28,22251404.0,3.012
2007/07/27,2.991,3.002,3.072,101306.15,30480052.0,3.07
2007/07/30,3.068,3.07,3.157,66699.81,20830204.0,3.133
2007/07/31,3.122,3.13,3.148,50824.9,15922873.0,3.14
2007/08/01,3.088,3.145,3.177,66685.49,20922292.0,3.093
2007/08/02,3.1,3.11,3.147,67283.65,21017816.0,3.135
2007/08/03,3.145,3.145,3.208,85676.86,27275134.0,3.207
2007/08/06,3.263,3.28,3.333,98310.07,32298564.0,3.291
2007/08/07,3.281,3.305,3.346,77731.5,25720086.0,3.331
2007/08/08,3.28,3.32,3.335,59098.76,19549804.0,3.309
2007/08/09,3.309,3.309,3.385,82943.12,27813694.0,3.37
2007/08/10,3.32,3.368,3.37,55406.94,18570604.0,3.369
2007/08/13,3.33,3.335,3.364,56353.57,18838340.0,3.338
2007/08/14,3.331,3.338,3.384,37086.35,12470398.0,3.383
2007/08/15,3.35,3.386,3.415,45443.0,15387050.0,3.403
2007/08/16,3.371,3.4,3.41,44327.88,15017381.0,3.386
2007/08/17,3.339,3.385,3.39,133579.52,44920032.0,3.34
2007/08/20,3.356,3.356,3.424,79914.44,27207282.0,3.42
2007/08/21,3.403,3.431,3.449,72675.37,24890392.0,3.425
2007/08/22,3.404,3.405,3.445,51624.97,17724144.0,3.445
2007/08/23,3.45,3.45,3.566,95035.53,33166992.0,3.515
2007/08/24,3.52,3.522,3.598,107677.76,38325264.0,3.587
2007/08/27,3.669,3.72,3.72,96828.06,35852512.0,3.709
2007/08/28,3.67,3.69,3.728,57260.86,21155972.0,3.71
2007/08/29,3.628,3.701,3.701,135833.8,49691300.0,3.639
2007/08/30,3.648,3.653,3.69,73924.93,27073364.0,3.679
2007/08/31,3.679,3.686,3.726,70427.81,26025980.0,3.725
2007/09/03,3.736,3.736,3.82,62604.42,23735814.0,3.799
2007/09/04,3.752,3.788,3.828,75814.2,28615694.0,3.761
2007/09/05,3.695,3.759,3.799,112774.75,41975772.0,3.7
2007/09/06,3.714,3.714,3.744,47253.23,17629680.0,3.737
2007/09/07,3.697,3.737,3.739,67496.08,25084706.0,3.705
2007/09/10,3.63,3.64,3.7,65039.08,23799116.0,3.694
2007/09/11,3.566,3.692,3.692,102862.36,37344628.0,3.573
2007/09/12,3.511,3.557,3.63,102227.19,36327496.0,3.55
2007/09/13,3.49,3.563,3.61,71003.9,25210212.0,3.61
2007/09/14,3.612,3.615,3.671,82582.44,29967120.0,3.668
2007/09/17,3.7,3.7,3.737,100375.63,37398760.0,3.73
2007/09/18,3.712,3.74,3.744,54459.08,20282850.0,3.724
2007/09/19,3.701,3.725,3.739,55393.21,20625088.0,3.723
2007/09/20,3.723,3.725,3.748,85491.07,31939084.0,3.739
2007/09/21,3.718,3.74,3.748,56350.17,21025242.0,3.738
2007/09/24,3.71,3.748,3.749,45198.52,16836628.0,3.718
2007/09/25,3.691,3.718,3.756,82657.48,30783512.0,3.71
2007/09/26,3.635,3.71,3.713,107103.48,39314640.0,3.659
2007/09/27,3.639,3.658,3.675,122600.89,44812640.0,3.669
2007/09/28,3.69,3.71,3.812,150790.0,56843352.0,3.812
2007/10/08,3.84,3.84,3.9,126626.14,49190296.0,3.897
2007/10/10,3.96,3.96,4.04,142267.22,57074068.0,3.995
2007/10/11,3.949,3.995,4.01,196084.71,77947816.0,3.975
2007/10/12,3.9,3.99,4.007,283692.4,112274360.0,3.973
2007/11/30,3.576,3.973,3.973,281433.41,100767032.0,3.576
2007/12/03,3.52,3.52,3.58,290184.9,103055528.0,3.552
2007/12/04,3.556,3.556,3.6,104832.18,37620940.0,3.599
2007/12/05,3.599,3.599,3.696,105683.46,38740800.0,3.692
2007/12/06,3.52,3.54,3.542,111694.52,39465308.0,3.534
2007/12/07,3.532,3.532,3.59,115529.63,41226060.0,3.589
2007/12/10,3.577,3.588,3.68,731529.23,264743040.0,3.652
