date,floor_price,opening_price,ceiling_price,volume,amount,closing_price
2001/06/12,30.8,30.8,34.7,285406.87,938070944.0,33.36
2001/06/13,33.02,33.02,35.88,85062.6,294900005.0,34.59
2001/06/14,34.7,34.9,35.68,59380.37,209035255.0,35.1
2001/06/15,34.31,35.18,35.4,30423.48,106259772.0,34.91
2001/06/18,34.6,35.1,36.38,35624.54,127510108.0,35.63
2001/06/19,35.29,35.74,35.97,13277.42,47253842.0,35.7
2001/06/20,33.7,35.6,36.09,30965.78,107281080.0,34.15
2001/06/21,34.0,34.13,34.68,14926.04,51126577.0,34.3
2001/06/22,33.96,34.3,34.8,12682.25,43467572.0,34.01
2001/06/25,33.46,34.1,34.49,19873.05,67031540.0,33.78
2001/06/26,33.7,33.8,34.4,12371.0,42022376.0,33.8
2001/06/27,33.81,33.81,34.4,5578.14,19061860.0,34.18
2001/06/28,33.9,34.18,35.0,14529.95,50264128.0,34.75
2001/06/29,34.25,34.79,34.9,6458.5,22343864.0,34.33
2001/07/02,33.5,34.41,34.52,10121.78,34096866.0,33.6
2001/07/03,33.53,33.55,33.99,4671.27,15718919.0,33.75
2001/07/04,33.0,33.75,33.9,11301.05,37547752.0,33.09
2001/07/05,32.5,33.09,33.18,8849.34,28928382.0,32.8
2001/07/06,32.1,32.59,32.8,6275.61,20363162.0,32.24
2001/07/09,31.58,31.98,32.3,6130.11,19536812.0,31.89
2001/07/10,32.11,32.11,32.7,2878.75,9336682.0,32.65
2001/07/11,31.79,32.65,32.7,4427.47,14200731.0,31.99
2001/07/12,31.8,31.99,32.7,3331.31,10744390.0,32.36
2001/07/13,32.0,32.36,32.7,2759.83,8901780.0,32.14
2001/07/16,31.3,32.24,32.58,8401.2,26582576.0,31.45
2001/07/17,30.5,31.45,31.45,11239.22,34664725.0,30.9
2001/07/18,30.7,30.8,31.0,6128.05,18907528.0,30.79
2001/07/19,30.79,30.79,31.85,4294.91,13419027.0,31.79
2001/07/20,31.61,31.79,32.35,6629.64,21229435.0,32.08
2001/07/23,31.41,32.1,32.58,5332.3,16925790.0,31.5
2001/07/24,30.45,31.4,31.4,14943.57,45758880.0,30.74
2001/07/25,30.0,30.4,31.1,7713.76,23420176.0,30.2
2001/07/26,29.35,30.1,30.39,8627.48,25608714.0,29.55
2001/07/27,29.18,29.45,29.98,5112.88,15077247.0,29.35
2001/07/30,26.42,28.98,28.98,13956.85,38245944.0,26.99
2001/07/31,26.58,26.78,27.55,7909.49,21374740.0,26.98
2001/08/01,26.99,26.99,28.5,8147.75,22669516.0,28.15
2001/08/02,26.78,28.15,28.19,6121.82,16800337.0,27.66
2001/08/03,27.49,27.88,27.95,2397.25,6633118.0,27.51
2001/08/06,26.6,27.58,27.73,6005.37,16204601.0,26.76
2001/08/07,26.45,26.75,27.49,6961.66,18794588.0,27.15
2001/08/08,26.75,27.2,27.5,5021.77,13578028.0,27.2
2001/08/09,27.02,27.22,27.59,2940.25,8054693.0,27.41
2001/08/10,27.5,27.5,28.22,4678.11,13062622.0,27.97
2001/08/13,27.68,28.06,28.33,4408.8,12376738.0,28.22
2001/08/14,26.98,28.35,28.36,7383.74,20266233.0,27.38
2001/08/15,26.98,27.38,27.6,3778.81,10251991.0,27.32
2001/08/16,26.81,27.26,27.5,4140.77,11171306.0,26.81
2001/08/17,26.6,26.83,27.21,3601.8,9634000.0,26.8
2001/08/20,26.85,26.85,27.28,1395.22,3775617.0,27.05
2001/08/21,27.1,27.1,27.59,1971.6,5403128.0,27.33
2001/08/22,26.48,27.38,27.38,5094.36,13577358.0,26.69
2001/08/23,25.02,25.02,26.2,6998.86,17983216.0,25.94
2001/08/24,25.3,26.0,26.18,4091.0,10505874.0,25.4
2001/08/27,23.85,25.11,25.11,8735.66,21213321.0,23.85
2001/08/28,22.76,23.5,23.8,10258.48,23706852.0,23.8
2001/08/29,23.26,23.6,24.55,6233.24,14916396.0,23.9
2001/08/30,23.51,23.75,24.18,2332.57,5565431.0,23.94
2001/08/31,23.61,23.9,24.08,2235.0,5320515.0,23.66
2001/09/03,22.96,23.62,23.77,2316.0,5370927.0,22.96
2001/09/04,22.81,22.82,23.95,4246.61,9995887.0,23.84
2001/09/05,24.0,24.08,24.98,9058.48,22168129.0,24.24
2001/09/06,23.83,24.1,24.4,4350.57,10462467.0,24.0
2001/09/07,22.92,23.9,24.1,5031.7,11743163.0,22.92
2001/09/10,22.2,22.61,24.16,5174.38,12174147.0,24.16
2001/09/11,23.76,24.2,24.43,3216.0,7717013.0,23.87
2001/09/12,23.0,23.0,24.65,13146.65,31677492.0,24.6
2001/09/13,24.3,24.61,25.3,16680.66,41809656.0,24.76
2001/09/14,23.95,24.6,24.84,4858.85,11817103.0,24.13
2001/09/17,23.39,23.89,24.15,4303.35,10221284.0,23.49
2001/09/18,23.41,23.45,24.25,6025.99,14266147.0,23.99
2001/09/19,23.5,23.99,24.35,1961.83,4721116.0,24.32
2001/09/20,24.0,24.42,24.54,2810.69,6824906.0,24.01
2001/09/21,23.65,23.95,23.98,1880.34,4477767.0,23.81
2001/09/24,23.6,23.7,23.98,896.7,2128141.0,23.72
2001/09/25,23.7,23.97,24.0,798.9,1903697.0,23.8
2001/09/26,23.33,23.76,23.8,2371.47,5562450.0,23.4
2001/09/27,23.01,23.4,23.8,1656.49,3873612.0,23.51
2001/09/28,23.06,23.55,23.97,2168.5,5079544.0,23.4
2001/10/08,22.58,23.46,23.75,3995.5,9094468.0,22.6
2001/10/09,22.36,22.6,23.1,3870.35,8764028.0,22.71
2001/10/10,20.44,22.71,22.71,11150.6,23529796.0,20.44
2001/10/11,19.0,19.69,20.33,10886.01,21273036.0,19.31
2001/10/12,19.16,19.2,20.45,8678.0,17298060.0,20.3
2001/10/15,19.9,20.3,20.54,4608.0,9328874.0,20.2
2001/10/16,19.31,20.2,20.37,2447.6,4801001.0,19.43
2001/10/17,18.5,19.2,19.38,4088.99,7716392.0,18.76
2001/10/18,18.03,18.7,19.0,4269.0,7850206.0,18.08
2001/10/19,16.5,18.0,18.0,12653.59,21617292.0,16.91
2001/10/22,16.65,16.75,17.69,7581.21,13005979.0,17.02
2001/10/23,18.72,18.72,18.72,3382.0,6330542.0,18.72
2001/10/24,20.3,20.59,20.59,22555.0,46357964.0,20.59
2001/10/25,19.9,20.59,21.18,26137.0,54005164.0,20.25
2001/10/26,19.8,20.1,20.4,9663.0,19429568.0,20.35
2001/10/29,20.2,20.4,20.78,5582.38,11509692.0,20.69
2001/10/30,20.21,20.57,20.68,3077.28,6273363.0,20.25
2001/10/31,19.7,20.01,20.2,4052.67,8079077.0,20.07
2001/11/01,20.0,20.2,20.55,2429.55,4923188.0,20.24
2001/11/02,19.9,20.2,20.3,3195.49,6413683.0,19.96
2001/11/05,19.03,19.8,19.9,4436.95,8547788.0,19.2
2001/11/06,18.9,19.03,19.38,2938.07,5595673.0,18.95
2001/11/07,17.8,19.1,19.1,6045.84,11011190.0,17.8
2001/11/08,17.3,17.48,18.2,4649.94,8283347.0,17.85
2001/11/09,17.4,17.97,18.34,4182.0,7470800.0,18.2
2001/11/12,17.86,18.2,18.46,7408.0,13369630.0,18.26
2001/11/13,17.75,17.9,18.13,1614.0,2894000.0,18.0
2001/11/14,18.0,18.01,18.3,938.0,1703300.0,18.0
2001/11/15,18.0,18.3,18.4,1301.0,2368000.0,18.2
2001/11/16,19.08,20.02,20.02,19082.0,37480600.0,19.11
2001/11/19,19.15,19.16,19.83,6971.48,13642753.0,19.8
2001/11/20,19.8,19.9,20.49,11661.55,23655052.0,20.25
2001/11/21,20.1,20.25,20.49,7351.46,14948196.0,20.4
2001/11/22,20.21,20.4,20.77,5927.34,12186598.0,20.53
2001/11/23,20.05,20.53,20.58,4415.56,8952865.0,20.2
2001/11/26,20.02,20.02,20.26,1891.58,3810103.0,20.15
2001/11/27,20.05,20.38,20.48,5720.77,11555126.0,20.46
2001/11/28,20.48,20.57,20.95,6665.29,13823785.0,20.59
2001/11/29,20.4,20.58,20.75,3389.0,6974300.0,20.55
2001/11/30,20.51,20.58,20.92,4695.01,9722613.0,20.9
2001/12/03,20.9,21.0,21.5,6054.27,12901308.0,21.26
2001/12/04,20.99,21.32,21.38,4005.0,8466200.0,21.24
2001/12/05,20.6,21.0,21.16,7006.0,14602011.0,20.6
2001/12/06,20.38,20.45,20.88,2638.63,5426540.0,20.7
2001/12/07,20.5,20.6,20.85,2339.5,4829356.0,20.55
2001/12/10,20.2,20.4,20.5,1643.29,3339911.0,20.45
2001/12/11,19.94,20.43,20.57,2781.0,5618406.0,19.98
2001/12/12,19.84,19.87,20.1,2710.49,5417335.0,19.92
2001/12/13,19.2,19.9,20.1,3011.0,5927000.0,19.35
2001/12/14,19.05,19.26,19.45,2297.48,4412430.0,19.16
2001/12/17,18.92,19.1,19.2,1607.0,3061300.0,18.99
2001/12/18,18.96,18.96,20.05,16347.02,31945812.0,19.83
2001/12/19,19.33,19.9,20.04,4896.1,9641348.0,19.33
2001/12/20,18.75,19.3,19.3,5706.74,10773419.0,18.9
2001/12/21,18.75,18.78,19.55,1973.0,3780800.0,19.21
2001/12/24,18.82,19.1,19.4,1863.0,3547200.0,18.82
2001/12/25,18.84,18.99,19.2,2392.0,4548000.0,18.98
2001/12/26,18.8,19.0,19.21,1856.39,3539946.0,19.2
2001/12/27,19.17,19.23,19.9,3469.78,6787766.0,19.33
2001/12/28,19.35,19.35,20.17,15589.16,31027520.0,20.09
2001/12/31,20.01,20.2,20.48,6456.0,13117100.0,20.2
2002/01/04,19.35,20.2,20.2,4269.15,8406791.0,19.37
2002/01/07,18.78,19.3,19.3,4503.09,8544341.0,19.11
2002/01/08,18.68,19.2,19.25,3089.0,5857720.0,18.68
2002/01/09,18.31,18.51,18.8,3215.43,5949371.0,18.6
2002/01/10,18.32,18.5,19.35,4471.53,8373462.0,19.19
2002/01/11,18.51,19.2,19.2,2434.6,4584796.0,18.55
2002/01/14,18.0,18.4,18.48,3375.38,6134719.0,18.01
2002/01/15,17.53,18.0,18.2,3349.0,6001807.0,17.53
2002/01/16,16.7,17.41,18.02,4601.0,7991653.0,17.67
2002/01/17,16.82,17.65,17.65,3812.13,6526611.0,16.9
2002/01/18,16.43,16.68,17.5,8038.03,13705576.0,16.97
2002/01/21,16.68,16.91,17.19,3507.0,5922119.0,16.85
2002/01/22,16.88,16.9,17.6,4024.3,6981413.0,17.23
2002/01/23,17.11,17.11,18.35,4546.4,8043844.0,18.22
2002/01/24,17.61,18.1,18.41,6472.59,11724737.0,17.99
2002/01/25,17.72,17.89,18.1,2757.12,4925606.0,17.77
2002/01/28,16.36,17.3,17.75,6079.88,10286236.0,16.36
2002/01/29,16.1,16.3,17.1,3499.0,5847051.0,16.9
2002/01/30,16.5,16.9,17.02,2030.04,3411566.0,16.7
2002/01/31,16.99,16.99,18.22,8792.7,15688856.0,18.0
2002/02/01,17.83,17.98,18.23,5842.99,10539871.0,17.86
2002/02/04,17.7,17.71,18.2,3166.68,5701438.0,18.1
2002/02/05,17.85,18.2,18.22,3642.1,6560178.0,18.02
2002/02/06,18.2,18.49,19.0,13680.33,25520996.0,18.25
2002/02/07,18.18,18.2,18.8,4008.02,7438541.0,18.58
2002/02/08,18.45,18.7,18.83,3086.63,5740289.0,18.46
2002/02/25,18.5,18.99,19.0,4157.0,7770361.0,18.55
2002/02/26,18.05,18.45,18.51,2558.19,4656551.0,18.28
2002/02/27,18.23,18.31,18.48,3317.0,6085195.0,18.36
2002/02/28,18.03,18.22,18.44,2173.8,3956866.0,18.09
2002/03/01,17.7,18.12,18.12,2473.5,4437911.0,17.78
2002/03/04,17.65,17.8,18.09,2704.56,4810968.0,18.07
2002/03/05,18.1,18.18,18.58,3328.64,6118835.0,18.47
2002/03/06,18.46,18.52,18.99,8343.67,15633255.01,18.56
2002/03/07,18.5,18.57,19.28,12520.44,23827767.0,19.26
2002/03/08,19.32,19.5,19.78,14997.44,29301616.0,19.7
2002/03/11,19.89,19.89,20.45,14411.59,29096316.0,20.1
2002/03/12,19.49,20.12,20.12,9520.42,18774448.0,19.49
2002/03/13,19.13,19.35,19.55,5818.67,11237241.0,19.13
2002/03/14,19.1,19.1,19.9,4750.21,9206321.0,19.81
2002/03/15,19.09,19.82,19.9,4346.8,8495156.0,19.12
2002/03/18,19.03,19.31,19.75,3512.0,6782651.0,19.13
2002/03/19,19.18,19.21,20.21,11330.08,22615414.0,20.19
2002/03/20,20.09,20.25,20.82,18471.16,37884384.0,20.5
2002/03/21,20.02,20.55,20.65,7482.55,15156598.0,20.2
2002/03/22,19.96,20.1,20.37,5280.29,10601362.0,20.05
2002/03/25,20.1,20.1,20.52,4966.16,10132614.0,20.44
2002/03/26,19.52,20.45,20.58,5573.3,11098397.0,19.79
2002/03/27,19.56,19.57,19.88,2982.02,5871660.0,19.78
2002/03/28,19.18,19.75,19.75,6102.8,11810786.0,19.18
2002/03/29,18.28,19.1,19.1,8187.69,15232771.0,18.4
2002/04/01,18.06,18.06,18.59,3139.88,5778743.0,18.5
2002/04/02,18.1,18.6,18.75,2670.44,4899253.0,18.2
2002/04/03,18.18,18.21,18.45,1581.49,2894655.96,18.28
2002/04/04,18.25,18.25,18.99,2580.01,4814127.0,18.88
2002/04/05,18.46,19.0,19.08,2560.15,4792048.0,18.65
2002/04/08,18.5,18.65,18.7,1374.0,2556816.0,18.65
2002/04/09,18.6,18.66,18.9,4335.6,8145340.0,18.89
2002/04/10,18.7,18.95,18.98,2819.57,5302407.0,18.9
2002/04/11,18.5,18.9,18.9,1866.0,3482336.0,18.5
2002/04/12,18.38,18.51,18.65,1984.0,3661409.0,18.44
2002/04/15,18.2,18.47,18.47,1516.67,2771596.0,18.29
2002/04/16,18.26,18.29,18.58,1308.28,2399984.0,18.35
2002/04/17,18.33,18.4,18.59,1059.91,1955845.0,18.59
2002/04/18,18.32,18.51,18.7,1049.35,1942727.0,18.34
2002/04/19,18.16,18.3,18.55,1321.74,2410689.0,18.4
2002/04/22,17.96,18.32,18.4,1727.69,3122417.0,18.04
2002/04/23,18.02,18.02,18.26,753.0,1362960.0,18.02
2002/04/24,17.81,18.0,18.05,1505.1,2695948.0,17.84
2002/04/25,17.65,17.9,17.9,1580.35,2803246.0,17.8
2002/04/26,18.0,18.0,18.34,3973.23,7211929.0,18.34
2002/04/29,18.27,18.54,18.59,4092.6,7522850.0,18.5
2002/04/30,18.38,18.55,18.8,3183.83,5907621.0,18.64
2002/05/08,18.24,18.5,18.58,1214.67,2223445.0,18.24
2002/05/09,18.21,18.21,18.4,875.0,1602655.0,18.27
2002/05/10,17.85,18.26,18.26,2938.05,5290889.0,17.9
2002/05/14,17.68,17.8,18.15,2116.44,3800867.54,17.8
2002/05/15,17.7,17.8,18.0,829.64,1479865.0,17.78
2002/05/16,17.06,17.68,17.78,4347.0,7643589.0,17.1
2002/05/17,17.0,17.0,17.5,3061.8,5253600.0,17.4
2002/05/20,16.76,17.15,17.15,1513.0,2557312.0,17.0
2002/05/21,17.37,17.37,17.68,2650.23,4646166.0,17.51
2002/05/22,17.25,17.6,17.68,1236.4,2149241.0,17.26
2002/05/23,17.24,17.3,17.5,1531.26,2657801.0,17.24
2002/05/24,17.0,17.14,17.16,865.45,1474850.0,17.05
2002/05/27,16.82,17.03,17.2,592.39,1010372.0,17.2
2002/05/28,17.1,17.1,17.48,689.8,1192761.0,17.3
2002/05/29,16.9,17.48,17.48,1442.15,2460046.0,17.03
2002/05/30,16.82,17.0,17.05,1380.0,2338707.0,16.99
2002/05/31,16.96,16.98,17.04,773.01,1313252.0,16.98
2002/06/03,16.6,16.83,16.83,967.69,1615832.0,16.65
2002/06/04,16.58,16.76,16.78,894.46,1492967.0,16.7
2002/06/05,16.5,16.58,16.6,1302.2,2153194.0,16.51
2002/06/06,16.2,16.2,17.4,1467.17,2457342.0,16.89
2002/06/07,16.82,17.07,17.25,1552.51,2644208.0,16.95
2002/06/10,16.65,17.02,17.1,835.0,1403478.0,16.68
2002/06/11,16.7,16.7,17.05,863.23,1462353.0,16.88
2002/06/12,16.75,16.88,17.0,743.5,1253110.0,17.0
2002/06/13,16.8,17.07,17.07,436.0,735805.0,16.8
2002/06/14,16.63,16.78,16.8,454.0,759211.0,16.67
2002/06/17,16.42,16.5,16.85,459.8,761767.0,16.6
2002/06/18,16.6,16.6,16.96,1037.0,1748859.0,16.93
2002/06/19,16.5,16.97,16.97,495.3,828763.0,16.65
2002/06/20,16.62,16.62,16.89,1140.79,1914005.0,16.8
2002/06/21,16.97,16.97,17.29,3408.35,5847633.0,17.28
2002/06/24,18.15,19.01,19.01,21001.48,39562720.0,19.01
2002/06/25,18.6,19.01,19.5,11558.78,22066992.0,18.68
2002/06/26,18.26,18.5,18.71,4684.32,8662440.0,18.45
2002/06/27,18.35,18.45,18.78,2236.02,4131860.0,18.4
2002/06/28,17.91,18.35,18.6,6141.96,11146169.0,18.11
2002/07/01,17.8,18.07,18.12,2352.0,4185906.0,17.86
2002/07/02,17.72,17.81,17.99,1232.0,2181000.0,17.99
2002/07/03,17.9,18.0,18.08,1098.0,1953000.0,18.08
2002/07/04,17.75,17.99,18.06,2547.0,4522000.0,17.75
2002/07/05,17.58,17.58,17.84,1802.0,3165000.0,17.75
2002/07/08,17.69,17.8,18.14,3692.0,6561820.0,18.13
2002/07/09,17.83,18.08,18.1,1394.0,2491586.0,17.87
2002/07/10,17.38,17.7,17.8,3602.83,6312804.0,17.49
2002/07/11,17.31,17.49,17.79,1689.9,2943805.0,17.53
2002/07/12,17.53,17.54,17.74,691.0,1197906.0,17.58
2002/07/15,17.5,17.5,17.68,678.0,1175598.0,17.56
2002/07/16,17.58,17.58,17.78,891.89,1563315.0,17.78
2002/07/17,17.5,17.66,17.8,610.0,1058757.0,17.75
2002/07/18,17.56,17.7,17.77,1577.0,2757913.0,17.6
2002/07/19,17.48,17.58,17.6,1334.0,2320544.0,17.53
2002/07/22,17.3,17.51,17.51,1454.0,2515420.0,17.3
2002/07/23,17.2,17.2,17.34,998.0,1702527.0,17.2
2002/07/24,17.01,17.25,17.25,1415.82,2415259.0,17.09
2002/07/25,17.3,17.5,17.96,9115.0,16197000.0,17.7
2002/07/26,17.66,17.71,17.84,2740.0,4853000.0,17.69
2002/07/29,17.45,17.66,17.8,1390.0,2431000.0,17.7
2002/07/30,17.55,17.75,17.75,1349.0,2360127.0,17.69
2002/07/31,17.4,17.7,17.7,1090.0,1908911.99,17.42
2002/08/01,17.31,17.38,17.46,727.51,1262698.88,17.32
2002/08/02,17.33,17.33,17.56,503.5,878326.5,17.43
2002/08/05,17.36,17.43,17.48,516.0,899237.5,17.46
2002/08/06,17.42,17.46,17.75,629.54,1107699.87,17.58
2002/08/07,17.5,17.5,17.72,428.11,755171.56,17.64
2002/08/08,17.55,17.61,17.74,812.45,1432696.13,17.64
2002/08/09,17.57,17.89,17.89,867.59,1529613.64,17.65
2002/08/12,17.35,17.55,17.55,490.5,855044.0,17.35
2002/08/13,17.35,17.35,17.62,392.55,684283.75,17.4
2002/08/14,17.37,17.37,17.5,412.0,717422.0,17.5
2002/08/15,17.43,17.54,17.65,561.0,972760.0,17.5
2002/08/16,17.41,17.5,17.8,851.0,1485297.0,17.7
2002/08/19,17.6,17.75,17.75,813.0,1414480.0,17.66
2002/08/20,17.66,17.66,17.88,1411.0,2502000.0,17.79
2002/08/21,17.7,17.88,17.98,1894.0,3362439.0,17.97
2002/08/22,17.9,17.97,18.5,6223.0,11409000.0,18.22
2002/08/23,18.08,18.3,18.3,1938.0,3504000.0,18.14
2002/08/26,18.04,18.04,18.28,2273.0,4111624.0,18.2
2002/08/27,18.15,18.22,18.53,4244.0,7790710.0,18.45
2002/08/28,18.15,18.48,18.58,1742.5,3180772.0,18.2
2002/08/29,17.91,18.16,18.18,1894.0,3395000.0,17.91
2002/08/30,17.85,17.9,18.0,762.0,1341000.0,17.95
2002/09/02,17.8,17.8,18.01,727.0,1295532.52,17.96
2002/09/03,17.96,17.96,18.31,1139.6,2067273.0,18.23
2002/09/04,17.97,18.23,18.23,877.19,1576206.14,18.0
2002/09/05,17.76,18.0,18.0,1339.8,2377455.33,17.79
2002/09/06,17.6,17.79,17.9,965.11,1703470.0,17.68
2002/09/09,17.5,17.5,17.68,767.3,1340595.66,17.58
2002/09/10,17.5,17.5,17.62,443.5,773084.0,17.54
2002/09/11,17.4,17.55,17.56,1147.5,1998720.69,17.5
2002/09/12,17.44,17.48,17.68,606.0,1051529.0,17.55
2002/09/13,17.51,17.56,17.73,319.58,555644.0,17.65
2002/09/16,17.42,17.6,17.6,551.0,952762.0,17.45
2002/09/17,17.35,17.43,17.62,602.17,1033980.0,17.58
2002/09/18,17.43,17.58,17.78,513.6,896009.0,17.44
2002/09/19,17.36,17.36,17.7,601.2,1042090.16,17.59
2002/09/20,17.4,17.46,17.62,418.82,725676.72,17.58
2002/09/23,17.41,17.58,17.58,320.0,549350.0,17.44
2002/09/24,17.35,17.48,17.5,672.19,1166748.24,17.36
2002/09/25,17.31,17.37,17.38,641.2,1100793.06,17.33
2002/09/26,17.13,17.33,17.35,1164.41,1997383.51,17.14
2002/09/27,17.05,17.15,17.2,844.5,1433735.53,17.08
2002/10/08,16.75,17.08,17.08,966.39,1624053.62,16.75
2002/10/09,16.5,16.77,16.86,778.89,1285086.82,16.55
2002/10/10,16.46,16.46,16.78,378.0,613995.03,16.56
2002/10/11,16.41,16.57,16.72,1027.08,1687241.78,16.44
2002/10/14,16.26,16.31,16.48,1422.95,2325419.0,16.4
2002/10/15,16.36,16.4,16.52,627.8,1028403.44,16.4
2002/10/16,16.4,16.4,16.66,781.05,1279504.47,16.44
2002/10/17,16.25,16.62,16.62,956.97,1553523.11,16.27
2002/10/18,16.11,16.11,16.4,826.3,1333198.0,16.3
2002/10/21,16.03,16.3,16.3,505.0,807103.98,16.25
2002/10/22,16.3,16.6,16.6,1042.88,1711040.0,16.55
2002/10/23,16.28,16.4,16.59,668.19,1091920.5,16.49
2002/10/24,16.3,16.42,16.56,499.92,811531.81,16.3
2002/10/25,16.11,16.31,16.46,514.98,832925.02,16.3
2002/10/28,16.01,16.26,16.26,1012.27,1625252.89,16.1
2002/10/29,16.0,16.09,16.28,896.27,1442234.38,16.25
2002/10/30,16.1,16.25,16.3,368.0,596538.0,16.21
2002/10/31,16.15,16.21,16.36,242.5,394033.03,16.2
2002/11/01,16.1,16.2,16.2,409.0,648932.0,16.16
2002/11/04,16.15,16.16,16.39,959.0,1545848.0,16.39
2002/11/05,16.31,16.38,16.8,4713.0,7846000.0,16.78
2002/11/06,16.5,16.78,16.78,1488.0,2457000.0,16.68
2002/11/07,16.52,16.62,16.7,767.0,1251535.0,16.55
2002/11/08,16.12,16.9,16.95,1810.0,2943576.0,16.16
2002/11/11,16.02,16.15,16.22,884.41,1410100.0,16.1
2002/11/12,15.26,16.02,16.11,3212.0,4960000.0,15.3
2002/11/13,15.01,15.26,15.44,1822.0,2735523.0,15.43
2002/11/14,14.81,15.36,15.36,2291.0,3431273.0,14.95
2002/11/15,14.7,14.7,15.28,1651.0,2465184.0,15.0
2002/11/18,14.75,15.01,15.01,1952.52,2883400.0,14.89
2002/11/19,14.8,14.95,15.2,1620.0,2420363.0,15.15
2002/11/20,14.7,15.1,15.1,1604.0,2359481.0,14.7
2002/11/21,14.5,14.7,14.7,2178.0,3146000.0,14.51
2002/11/22,14.39,14.58,14.7,1291.0,1861000.0,14.51
2002/11/25,14.39,14.5,14.65,733.0,1046340.0,14.61
2002/11/26,14.02,14.51,14.75,874.0,1234530.0,14.2
2002/11/27,13.9,14.19,14.2,1810.0,2516000.0,14.05
2002/11/28,13.88,14.06,14.48,1927.0,2716608.0,14.31
2002/11/29,14.3,14.38,14.83,4144.0,6062000.0,14.59
2002/12/02,14.05,14.5,14.5,1432.0,2031000.0,14.08
2002/12/03,13.92,13.92,14.2,1212.83,1691632.0,14.19
2002/12/04,14.1,14.19,14.67,2161.0,3114475.0,14.42
2002/12/05,14.17,14.38,14.4,871.0,1226626.0,14.4
2002/12/06,14.2,14.3,14.56,767.0,1086850.0,14.33
2002/12/09,14.17,14.4,14.4,520.0,725615.0,14.2
2002/12/10,14.0,14.21,14.25,838.0,1164000.0,14.02
2002/12/11,13.89,13.99,14.08,1001.0,1371862.0,14.08
2002/12/12,14.0,14.06,14.3,774.0,1079360.0,14.12
2002/12/13,13.86,14.0,14.3,856.39,1199058.0,14.2
2002/12/16,14.15,14.15,14.45,856.36,1230184.01,14.37
2002/12/17,14.25,14.37,14.46,911.39,1310484.0,14.39
2002/12/18,14.35,14.38,14.54,1952.61,2821036.02,14.39
2002/12/19,14.31,14.55,14.76,6592.6,9605166.0,14.74
2002/12/20,14.61,14.72,14.97,7800.09,11545648.0,14.9
2002/12/23,15.0,15.0,15.35,6206.85,9426898.02,15.0
2002/12/24,14.88,15.0,15.3,10612.94,16004106.0,15.19
2002/12/25,15.12,15.19,15.36,8296.33,12622806.0,15.2
2002/12/26,14.52,15.22,15.22,3976.19,5870143.0,14.54
2002/12/27,14.35,14.41,14.73,3370.31,4891712.0,14.62
2002/12/30,14.15,14.68,14.68,2264.0,3243906.0,14.19
2002/12/31,13.92,14.18,14.31,1778.1,2506910.0,13.95
2003/01/02,13.49,13.9,14.0,2355.0,3225484.0,13.52
2003/01/03,13.45,13.5,13.6,867.0,1172202.0,13.55
2003/01/06,13.5,13.56,13.8,925.0,1263797.0,13.77
2003/01/07,13.61,13.77,13.99,1246.0,1718774.0,13.71
2003/01/08,13.71,13.72,14.2,1454.0,2025641.0,14.14
2003/01/09,14.1,14.25,14.45,3369.0,4807120.0,14.4
2003/01/10,14.13,14.3,14.5,1992.0,2862214.0,14.13
2003/01/13,14.06,14.15,14.2,1030.0,1452443.0,14.11
2003/01/14,14.1,14.12,14.93,5021.0,7336693.0,14.79
2003/01/15,14.55,14.8,15.15,5456.0,8113417.0,14.7
2003/01/16,14.62,14.62,15.23,4059.0,6078871.0,15.15
2003/01/17,14.83,15.2,15.2,2509.0,3743485.0,14.85
2003/01/20,14.65,14.84,14.87,2013.0,2965712.0,14.84
2003/01/21,14.53,14.82,15.08,1650.0,2430235.0,14.54
2003/01/22,14.39,14.47,14.55,2231.0,3229942.0,14.48
2003/01/23,14.4,14.4,14.69,591.0,857876.0,14.45
2003/01/24,14.4,14.44,14.69,1201.0,1745214.0,14.61
2003/01/27,14.53,14.64,14.88,1387.0,2039232.0,14.8
2003/01/28,14.69,14.8,14.95,1910.0,2835074.0,14.95
2003/01/29,14.78,14.78,14.99,1866.0,2782776.0,14.87
2003/02/10,14.56,14.87,14.87,1352.0,1993158.0,14.6
2003/02/11,14.57,14.57,14.8,546.0,803051.0,14.76
2003/02/12,14.53,14.53,14.89,820.0,1210070.0,14.89
2003/02/13,14.78,14.95,14.96,1936.0,2882311.0,14.8
2003/02/14,14.8,14.82,14.95,990.0,1474352.0,14.88
2003/02/17,14.7,14.92,15.09,1404.0,2086094.0,14.75
2003/02/18,14.69,14.73,14.8,852.0,1256710.0,14.76
2003/02/19,14.68,14.75,14.85,920.0,1359526.0,14.85
2003/02/20,14.85,14.87,14.96,1385.0,2066094.0,14.92
2003/02/21,14.58,14.85,14.92,1447.0,2132341.0,14.6
2003/02/24,14.56,14.56,14.97,2037.0,2998220.0,14.72
2003/02/25,14.75,14.96,15.2,5192.0,7821564.0,15.2
2003/02/26,14.99,15.18,15.19,2688.0,4056959.0,15.19
2003/02/27,15.03,15.18,15.18,2494.0,3763089.0,15.15
2003/02/28,14.9,15.1,15.2,2409.0,3630854.0,15.19
2003/03/03,15.1,15.18,15.48,4446.0,6827584.0,15.46
2003/03/04,15.28,15.4,15.48,2285.0,3501035.0,15.34
2003/03/05,15.08,15.35,15.35,1542.0,2335350.0,15.16
2003/03/06,14.88,15.15,15.16,1504.0,2260091.0,14.9
2003/03/07,14.8,14.9,15.0,899.0,1336241.0,14.86
2003/03/10,14.58,14.85,14.85,1031.0,1515535.0,14.63
2003/03/11,14.56,14.6,14.68,894.0,1306120.0,14.59
2003/03/12,14.46,14.6,14.65,849.0,1229963.0,14.65
2003/03/13,14.56,14.65,14.71,706.0,1031780.0,14.56
2003/03/14,14.55,14.6,14.76,602.0,881321.0,14.68
2003/03/17,14.3,14.63,14.75,1326.0,1924521.0,14.61
2003/03/18,14.5,14.57,14.7,1310.0,1903033.0,14.53
2003/03/19,14.46,14.55,14.6,1075.0,1562582.0,14.56
2003/03/20,14.48,14.5,14.69,517.0,753206.0,14.57
2003/03/21,14.46,14.46,14.67,448.0,652235.0,14.6
2003/03/24,14.52,14.65,14.7,452.0,661379.0,14.7
2003/03/25,14.65,14.7,14.7,810.0,1188819.0,14.66
2003/03/26,14.0,14.46,14.49,4121.0,5807978.0,14.04
2003/03/27,14.0,14.05,14.45,2597.0,3678495.0,14.34
2003/03/28,14.0,14.35,14.35,2274.0,3208763.0,14.0
2003/03/31,13.9,14.0,14.06,2433.0,3400477.0,14.03
2003/04/01,13.98,14.03,14.12,5987.18,8401331.0,14.12
2003/04/02,14.16,14.16,14.3,1712.84,2437840.0,14.25
2003/04/03,14.16,14.3,14.31,1190.0,1689242.0,14.18
2003/04/04,14.08,14.18,14.25,1246.52,1760995.0,14.13
2003/04/07,13.9,14.13,14.15,1612.15,2259999.0,13.95
2003/04/08,13.88,13.9,14.09,1589.7,2214293.0,13.93
2003/04/09,13.61,13.93,13.95,2056.84,2834388.0,13.93
2003/04/10,13.82,13.98,14.3,3210.55,4538606.0,14.22
2003/04/11,14.09,14.23,14.37,2814.97,3994666.0,14.29
2003/04/14,14.23,14.29,14.61,5633.13,8160491.0,14.59
2003/04/15,14.48,14.58,14.65,6089.04,8851162.0,14.65
2003/04/16,14.33,14.72,14.84,4481.15,6509066.0,14.37
2003/04/17,14.12,14.31,14.5,3038.92,4333374.0,14.36
2003/04/18,14.25,14.31,14.53,2871.39,4146310.0,14.52
2003/04/21,14.0,14.52,14.52,1893.77,2673206.0,14.08
2003/04/22,14.01,14.01,14.17,1056.49,1489488.0,14.09
2003/04/23,13.86,14.09,14.09,2806.59,3913061.0,13.88
2003/04/24,13.5,13.88,13.88,2375.46,3241415.0,13.55
2003/04/25,13.1,13.52,13.68,2209.53,2979881.0,13.15
2003/04/28,12.98,13.2,13.3,3127.99,4081768.0,13.2
2003/04/29,12.75,13.22,13.22,2891.34,3725374.0,12.8
2003/04/30,12.7,12.7,12.92,2730.03,3487623.03,12.82
2003/05/12,12.45,12.68,12.7,2078.0,2612227.0,12.46
2003/05/14,11.9,12.2,12.64,3095.0,3784500.0,12.64
2003/05/15,12.5,12.66,13.1,3078.0,3940100.0,12.95
2003/05/16,12.75,12.9,13.0,1798.0,2311500.0,12.95
2003/05/19,12.8,12.95,13.0,1347.08,1735733.0,12.89
2003/05/20,12.52,12.87,12.87,2203.2,2779729.0,12.62
2003/05/21,12.55,12.6,12.65,1247.0,1570236.0,12.63
2003/05/22,12.5,12.6,12.8,1311.98,1667937.0,12.77
2003/05/23,12.69,12.8,12.9,1759.01,2248336.0,12.76
2003/05/26,12.75,13.0,13.0,1476.64,1893229.0,12.82
2003/05/27,12.6,12.8,12.82,1314.81,1673835.0,12.76
2003/05/28,12.7,12.7,13.1,3766.41,4877173.0,12.95
2003/05/29,12.86,12.94,13.38,4750.66,6265973.0,13.35
2003/05/30,13.21,13.48,13.48,2577.79,3442988.0,13.33
2003/06/02,13.1,13.28,13.4,2938.22,3872192.0,13.17
2003/06/03,13.22,13.4,13.6,4258.96,5701160.0,13.29
2003/06/04,13.01,13.29,13.29,2315.5,3036611.01,13.14
2003/06/05,12.75,12.95,13.05,1863.0,2390700.0,12.78
2003/06/06,12.6,12.8,12.8,2464.45,3119127.0,12.61
2003/06/09,12.5,12.53,12.66,1137.18,1432155.0,12.51
2003/06/10,12.5,12.51,12.63,898.23,1129068.0,12.62
2003/06/11,12.5,12.68,12.85,1469.5,1864334.0,12.78
2003/06/12,12.7,12.78,12.95,1107.29,1420157.0,12.95
2003/06/13,12.8,12.95,13.1,2614.5,3393370.0,12.92
2003/06/16,12.74,12.95,12.95,1544.0,1982515.01,12.78
2003/06/17,12.69,12.75,12.85,1686.43,2151679.0,12.8
2003/06/18,12.72,12.72,13.15,3107.0,4040772.0,12.88
2003/06/19,12.6,12.9,12.9,1971.07,2507314.0,12.79
2003/06/20,12.61,12.61,12.82,897.7,1144625.0,12.7
2003/06/23,12.62,12.69,12.73,813.69,1030447.0,12.65
2003/06/24,12.58,12.6,12.7,562.0,710226.0,12.66
2003/06/25,12.53,12.65,12.7,887.0,1119121.0,12.7
2003/06/26,12.4,12.56,12.7,902.87,1134773.0,12.7
2003/06/27,12.36,12.37,12.7,1308.0,1654338.0,12.66
2003/06/30,12.46,12.55,12.62,1331.5,1675141.01,12.51
2003/07/01,12.4,12.51,12.7,784.05,984079.0,12.5
2003/07/02,12.41,12.49,12.55,772.0,963356.0,12.5
2003/07/03,12.45,12.55,12.55,577.21,721477.0,12.53
2003/07/04,12.22,12.45,12.5,1975.0,2441013.0,12.49
2003/07/07,12.31,12.42,12.5,307.5,381940.0,12.36
2003/07/08,12.35,12.38,12.45,870.5,218126.0,12.36
2003/07/09,12.31,12.38,12.4,456.6,564545.0,12.35
2003/07/10,12.3,12.36,12.46,1590.87,1970633.0,12.45
2003/07/11,12.35,12.43,12.55,1618.77,2017839.0,12.41
2003/07/14,12.16,12.38,12.38,1507.44,1841344.0,12.2
2003/07/15,12.04,12.25,12.33,1332.0,1612896.0,12.08
2003/07/16,12.04,12.08,12.17,1519.67,1836836.01,12.05
2003/07/17,11.92,12.04,12.07,2375.02,2845157.0,11.98
2003/07/18,11.92,12.0,12.1,2592.91,3111949.0,12.0
2003/07/21,11.35,11.35,12.05,4576.39,5442116.0,12.0
2003/07/22,11.79,12.0,12.08,806.0,960408.0,11.85
2003/07/23,11.75,11.79,11.85,498.0,586986.0,11.82
2003/07/24,11.69,11.7,11.77,785.28,920559.0,11.71
2003/07/25,11.98,12.0,12.37,7989.09,9670845.0,11.98
2003/07/28,11.7,11.99,11.99,1271.31,1497405.0,11.72
2003/07/29,11.6,11.72,11.77,850.45,993211.0,11.73
2003/07/30,11.63,11.7,11.74,955.87,1116376.0,11.68
2003/07/31,11.63,11.7,11.7,457.5,533496.0,11.68
2003/08/01,11.4,11.41,11.7,615.8,713102.0,11.65
2003/08/04,11.51,11.68,11.78,704.69,821047.0,11.71
2003/08/05,11.53,11.71,11.9,1465.0,1734439.0,11.88
2003/08/06,11.67,11.71,11.86,393.0,463310.0,11.8
2003/08/07,11.6,11.6,12.02,1692.09,2008716.0,12.02
2003/08/08,11.76,11.91,11.98,432.0,514315.0,11.76
2003/08/11,11.6,11.8,11.86,505.95,595606.0,11.78
2003/08/12,11.78,11.79,11.92,302.99,357998.0,11.81
2003/08/13,11.78,11.78,11.95,884.0,1049304.0,11.92
2003/08/14,11.8,11.84,12.05,746.0,889798.0,11.84
2003/08/15,11.8,11.84,12.02,879.0,1047272.0,12.0
2003/08/18,11.88,12.03,12.03,371.6,442796.0,11.95
2003/08/19,11.55,11.8,12.02,991.0,1187451.0,12.0
2003/08/20,11.88,12.0,12.01,1303.5,1553968.0,11.89
2003/08/21,11.81,11.81,11.9,588.0,697176.0,11.84
2003/08/22,11.72,11.85,11.95,958.23,1136247.0,11.92
2003/08/25,11.68,11.7,11.89,792.5,935474.0,11.87
2003/08/26,11.72,11.79,11.8,401.0,471910.0,11.72
2003/08/27,11.7,11.72,12.14,1112.95,1327981.0,11.99
2003/08/28,11.83,11.99,12.18,628.5,750286.0,11.94
2003/08/29,11.86,12.01,12.01,575.12,684291.0,11.96
2003/09/01,11.88,12.08,12.4,4764.99,5850071.0,12.34
2003/09/02,12.12,12.33,12.33,1291.76,1577135.0,12.25
2003/09/03,12.16,12.19,12.8,3478.09,4347384.0,12.46
2003/09/04,12.31,12.55,12.55,917.4,1133975.0,12.46
2003/09/05,12.19,12.49,12.59,1413.0,1754438.0,12.26
2003/09/08,12.1,12.12,12.55,970.01,1194652.0,12.34
2003/09/09,12.05,12.16,12.3,452.56,550086.0,12.16
2003/09/10,12.04,12.08,12.29,603.79,731445.0,12.2
2003/09/11,12.1,12.34,12.34,107.05,130601.0,12.21
2003/09/12,11.9,12.16,12.25,832.09,1004808.0,12.24
2003/09/15,11.87,12.16,12.16,356.0,425023.0,11.97
2003/09/16,11.58,11.9,12.0,617.39,731774.0,11.98
2003/09/17,11.7,11.73,11.98,362.0,425433.0,11.83
2003/09/18,11.6,11.7,11.85,497.9,585401.0,11.84
2003/09/19,11.62,11.84,11.85,249.0,291947.0,11.79
2003/09/22,11.65,11.77,11.81,293.5,344275.0,11.81
2003/09/23,11.66,11.68,11.98,357.83,421647.0,11.9
2003/09/24,11.79,11.92,12.55,1324.0,1616452.0,12.21
2003/09/25,12.06,12.5,12.5,3626.02,4427217.0,12.08
2003/09/26,11.85,12.0,12.0,182.0,216601.0,11.85
2003/09/29,11.55,11.8,11.8,518.0,120035.0,11.58
2003/09/30,11.5,11.68,11.68,321.7,71380.0,11.64
2003/10/08,11.52,11.53,11.83,193.0,226077.0,11.69
2003/10/09,11.55,11.7,11.75,248.0,288623.0,11.55
2003/10/10,11.56,11.56,11.83,541.5,635187.0,11.81
2003/10/13,11.7,11.7,11.81,299.01,351315.0,11.74
2003/10/14,11.56,11.8,11.8,280.9,326351.41,11.56
2003/10/15,11.55,11.7,11.75,294.5,341670.0,11.56
2003/10/16,11.39,11.85,11.85,467.0,535127.0,11.39
2003/10/17,11.08,11.36,11.53,1065.04,1188163.0,11.11
2003/10/20,10.76,11.0,11.31,647.0,705490.0,10.87
2003/10/21,10.63,10.87,10.87,669.05,715194.0,10.71
2003/10/22,10.71,10.75,10.95,1049.6,250851.0,10.88
2003/10/23,10.78,10.88,10.97,415.02,93687.0,10.8
2003/10/24,10.4,10.8,10.8,907.0,953823.0,10.5
2003/10/27,10.33,10.56,10.65,398.05,414031.0,10.38
2003/10/28,10.04,10.31,10.4,925.4,950442.0,10.15
2003/10/29,9.73,10.15,10.35,1486.0,297091.0,9.84
2003/10/30,9.58,9.8,9.81,794.0,768189.0,9.65
2003/10/31,9.55,9.55,9.85,592.0,575676.0,9.69
2003/11/03,9.52,9.68,9.8,914.0,884562.0,9.75
2003/11/04,9.7,9.7,10.07,1400.13,1389729.0,9.98
2003/11/05,9.75,9.96,9.96,859.04,846103.0,9.88
2003/11/06,9.65,9.71,9.8,1505.54,1461514.01,9.8
2003/11/07,9.21,9.81,9.81,1337.08,1268158.0,9.48
2003/11/10,9.25,9.4,9.46,703.8,658912.0,9.45
2003/11/11,9.4,9.45,9.5,1023.0,969545.0,9.45
2003/11/12,9.25,9.29,9.5,684.04,642748.0,9.4
2003/11/13,9.26,9.27,9.47,552.27,517035.0,9.33
2003/11/14,9.33,9.34,9.49,264.14,248404.0,9.45
2003/11/17,9.46,9.55,9.62,368.8,132175.0,9.56
2003/11/18,9.45,9.5,9.5,344.46,326144.0,9.48
2003/11/19,9.48,9.48,9.66,660.0,633918.0,9.58
2003/11/20,9.6,9.6,10.11,2932.25,2925250.0,10.05
2003/11/21,9.73,10.15,10.2,2773.72,2779294.0,9.82
2003/11/24,9.8,9.8,10.05,920.78,917442.0,10.02
2003/11/25,10.01,10.12,10.2,1901.97,1924390.0,10.08
2003/11/26,10.06,10.06,10.21,1222.5,1239018.0,10.14
2003/11/27,9.75,10.15,10.15,1217.01,1199414.0,9.75
2003/11/28,9.68,9.75,9.88,756.0,736798.0,9.74
2003/12/01,9.78,9.8,10.02,1367.05,1361034.0,9.99
2003/12/02,9.99,10.05,10.18,1402.01,1408896.0,9.99
2003/12/03,10.0,10.0,10.99,12726.07,13622598.0,10.99
2003/12/04,10.63,11.19,11.22,9928.59,10775219.0,10.8
2003/12/05,10.59,10.72,10.79,2894.04,3081407.75,10.73
2003/12/08,10.37,10.65,10.65,3249.84,3406619.0,10.42
2003/12/09,10.38,10.4,10.5,1306.0,1362426.0,10.48
2003/12/10,10.41,10.45,10.55,1922.3,2013195.0,10.45
2003/12/11,10.41,10.5,10.7,2875.69,3022959.0,10.55
2003/12/12,10.51,10.62,10.66,1581.93,1672820.0,10.58
2003/12/15,10.33,10.6,10.6,1911.21,1989506.0,10.35
2003/12/16,10.18,10.3,10.3,2370.59,2424450.0,10.23
2003/12/17,10.19,10.3,10.91,2259.21,2347329.02,10.21
2003/12/18,9.83,10.2,10.21,4587.51,4586541.0,9.92
2003/12/19,9.39,9.9,9.9,4008.82,3832524.0,9.45
2003/12/22,9.3,9.3,9.65,2533.98,2378094.0,9.64
2003/12/23,9.6,9.68,9.74,1916.4,1854499.0,9.72
2003/12/24,9.54,9.65,9.7,1884.92,1812436.0,9.7
2003/12/25,9.52,9.7,9.78,2195.76,2110134.0,9.65
2003/12/26,9.57,9.65,9.98,2661.26,2616734.0,9.87
2003/12/30,9.56,9.8,9.8,2350.4,2264046.0,9.66
2003/12/31,9.6,9.65,9.73,1366.0,1317739.0,9.6
2004/01/02,9.46,9.59,9.74,1585.0,1529025.0,9.7
2004/01/05,9.73,9.8,9.99,3710.76,3670540.0,9.98
2004/01/06,9.66,10.0,10.0,3135.05,3069735.0,9.8
2004/01/07,9.85,9.85,10.26,4938.55,5011258.0,10.12
2004/01/08,10.12,10.12,10.49,4881.01,5055693.0,10.4
2004/01/09,10.02,10.47,10.47,3853.83,3943449.0,10.06
2004/01/12,9.99,10.2,10.2,1898.09,1915145.0,10.13
2004/01/13,10.1,10.1,10.3,2085.57,2120617.0,10.28
2004/01/14,10.11,10.28,10.28,1919.4,1954116.0,10.23
2004/01/15,10.11,10.25,10.29,2234.21,2276293.0,10.12
2004/01/16,10.1,10.1,10.91,3393.29,3533145.0,10.35
2004/01/29,10.37,10.46,10.77,2701.14,2867979.0,10.73
2004/01/30,10.45,10.73,10.79,3430.2,3624867.0,10.51
2004/02/02,10.47,10.56,10.75,3803.59,4043881.0,10.72
2004/02/03,10.7,10.71,11.09,9423.5,10284261.0,11.08
2004/02/04,10.97,11.13,11.48,7699.89,8604225.0,11.18
2004/02/05,11.2,11.39,11.98,11006.84,12668888.0,11.47
2004/02/06,11.13,11.4,11.4,6200.78,6951814.0,11.16
2004/02/09,11.1,11.14,11.5,4209.58,4771686.0,11.49
2004/02/10,11.2,11.48,11.59,4435.67,5049818.0,11.28
2004/02/11,11.08,11.28,11.28,4815.89,5358181.0,11.19
2004/02/12,11.2,11.2,11.48,5388.7,6125697.0,11.44
2004/02/13,11.32,11.46,11.66,10108.86,11655566.0,11.55
2004/02/16,11.58,11.58,11.77,5815.92,6803222.0,11.75
2004/02/17,11.71,11.71,11.88,7209.86,8501113.0,11.78
2004/02/18,11.68,11.76,12.18,8882.31,10624081.0,12.05
2004/02/19,11.86,12.15,12.15,6190.32,7421930.0,12.12
2004/02/20,12.1,12.1,12.52,8521.5,10499800.0,12.22
2004/02/23,11.75,12.23,12.45,6938.0,8350022.0,11.8
2004/02/24,11.32,11.75,11.75,6009.37,6904928.0,11.5
2004/02/25,11.15,11.55,11.74,3658.3,4180301.0,11.16
2004/02/26,11.04,11.18,11.21,2968.51,3305070.0,11.19
2004/02/27,11.12,11.2,11.35,2297.88,2578200.0,11.29
2004/03/01,11.11,11.25,11.47,1775.39,2001185.0,11.45
2004/03/02,11.21,11.38,11.47,2326.93,2630912.0,11.38
2004/03/03,11.08,11.32,11.35,2480.95,2777393.0,11.08
2004/03/04,10.85,11.05,11.1,2896.98,3187053.0,11.03
2004/03/05,11.0,11.08,11.25,2060.11,2289405.0,11.2
2004/03/08,10.82,11.19,11.19,1705.0,1866415.0,10.83
2004/03/09,10.73,10.85,10.9,1827.0,1979340.0,10.79
2004/03/10,10.75,10.78,10.97,1591.15,1729089.0,10.97
2004/03/11,10.91,10.91,11.28,1726.93,1923098.0,11.17
2004/03/12,11.17,11.17,12.28,7734.32,8997753.0,11.5
2004/03/15,11.42,11.55,11.61,2528.57,2914271.0,11.59
2004/03/16,11.5,11.57,11.77,2083.99,2413611.0,11.66
2004/03/17,11.42,11.66,11.66,1966.15,2256771.0,11.5
2004/03/18,11.16,11.48,11.58,3325.0,3767295.0,11.18
2004/03/19,11.13,11.18,11.32,1437.87,1614150.0,11.29
2004/03/22,11.3,11.41,11.44,1686.0,1913267.0,11.35
2004/03/23,11.25,11.36,11.36,1552.07,1752886.0,11.34
2004/03/24,11.28,11.31,11.49,2162.23,2460658.0,11.48
2004/03/25,11.33,11.45,11.55,1698.67,1944717.0,11.52
2004/03/26,11.36,11.48,11.59,1971.61,2261108.0,11.5
2004/03/29,11.35,11.5,11.5,2775.07,3172040.0,11.39
2004/03/30,11.57,11.68,11.98,11222.95,13270582.0,11.9
2004/03/31,11.78,11.9,11.97,6378.6,7596862.0,11.97
2004/04/01,11.86,11.94,12.05,3022.41,3605388.0,11.96
2004/04/02,11.86,12.0,12.19,6541.38,7896205.0,12.18
2004/04/05,12.12,12.2,12.48,8253.1,10158966.0,12.4
2004/04/06,12.3,12.38,12.75,13691.67,17227964.0,12.48
2004/04/07,12.4,12.51,12.71,12498.31,15688803.0,12.54
2004/04/08,12.42,12.59,12.95,13586.63,17308246.0,12.89
2004/04/09,12.21,12.9,12.91,9811.95,12340166.0,12.35
2004/04/12,12.06,12.3,12.34,6005.91,7345556.0,12.33
2004/04/13,12.14,12.36,12.66,6494.55,8056500.0,12.26
2004/04/14,12.01,12.28,12.38,5551.93,6755187.0,12.16
2004/04/15,11.91,12.17,12.28,4054.01,4886578.0,11.91
2004/04/16,11.76,11.93,12.14,4559.31,5447549.0,12.1
2004/04/19,12.0,12.11,12.25,2687.0,3253491.0,12.03
2004/04/20,11.8,12.0,12.08,2305.62,2744141.0,11.86
2004/04/21,11.76,11.86,12.0,1905.66,2266178.0,11.85
2004/04/22,11.75,11.8,12.0,2132.16,2524288.0,11.98
2004/04/23,11.8,11.81,12.5,4853.0,5865150.0,11.86
2004/04/26,11.83,11.84,12.0,1730.0,2056940.0,11.95
2004/04/27,11.15,11.75,11.9,3044.89,3496126.0,11.31
2004/04/28,11.26,11.26,11.55,1499.5,1709417.0,11.45
2004/04/29,11.16,11.52,11.6,2271.22,2565042.0,11.2
2004/04/30,10.89,11.3,11.3,3649.76,4028391.0,10.98
2004/05/10,10.86,10.9,11.19,965.0,1056181.0,10.9
2004/05/11,10.88,10.89,11.17,1088.99,1201052.0,10.95
2004/05/12,10.9,11.05,11.23,2686.99,2973717.0,11.2
2004/05/13,10.96,11.12,11.23,1731.5,1919657.0,11.05
2004/05/14,10.85,11.0,11.05,1498.99,1639167.0,10.87
2004/05/18,10.75,10.75,11.1,1774.69,1933349.0,11.07
2004/05/19,10.99,11.12,11.22,1550.32,1721284.0,11.08
2004/05/20,10.82,11.14,11.15,624.5,682589.0,10.9
2004/05/21,10.86,10.91,11.17,680.9,745601.0,10.99
2004/05/24,10.78,11.0,11.0,736.0,799250.0,10.83
2004/05/25,10.32,10.8,10.8,1956.25,2043726.0,10.32
2004/05/26,10.3,10.46,10.46,615.01,637333.0,10.4
2004/05/27,10.15,10.4,10.57,1588.89,1663416.0,10.55
2004/05/28,10.31,10.51,10.65,627.0,659811.0,10.4
2004/05/31,10.37,10.42,10.5,644.0,671486.0,10.45
2004/06/01,10.5,10.5,11.18,4496.31,4879544.0,11.06
2004/06/02,11.08,11.08,11.69,12092.25,13800563.0,11.4
2004/06/03,11.18,11.36,11.4,2520.0,2834878.0,11.2
2004/06/04,11.1,11.16,11.28,1672.98,1875594.0,11.2
2004/06/07,10.77,11.18,11.18,2280.85,2491245.0,10.95
2004/06/08,10.7,10.95,11.05,1684.9,1831088.0,10.9
2004/06/09,10.4,10.85,10.9,2579.0,2745933.0,10.46
2004/06/10,8.01,8.31,8.5,1685.82,1382331.0,8.12
2004/06/11,8.0,8.15,8.38,1623.9,1329124.0,8.0
2004/06/14,7.58,7.98,7.98,2607.4,1999974.0,7.58
2004/06/15,7.6,7.61,7.81,1132.0,867973.0,7.77
2004/06/16,7.63,7.8,7.88,1259.46,976019.0,7.75
2004/06/17,7.6,7.67,7.68,766.8,585486.0,7.61
2004/06/18,7.5,7.63,7.7,913.6,690147.0,7.6
2004/06/21,7.6,7.6,7.79,557.81,430147.0,7.78
2004/06/22,7.45,7.55,7.69,3626.72,2753751.0,7.65
2004/06/23,7.44,7.65,7.67,2355.99,1764234.0,7.55
2004/06/24,7.42,7.5,7.57,1683.62,1260029.0,7.44
2004/06/25,7.25,7.43,7.65,1540.67,1149001.0,7.27
2004/06/28,7.04,7.27,7.27,1193.68,848923.0,7.05
2004/06/29,6.81,7.07,7.1,2245.61,1557213.0,6.97
2004/06/30,6.65,6.94,6.95,4248.32,2866811.0,6.67
2004/07/01,6.68,6.68,6.9,5317.85,3618198.0,6.89
2004/07/02,6.74,6.89,6.91,3526.12,2397496.0,6.86
2004/07/05,6.75,6.86,6.89,899.7,612263.0,6.86
2004/07/06,6.82,6.85,6.95,1955.57,1347906.0,6.91
2004/07/07,6.7,6.92,6.92,1822.9,1229059.0,6.78
2004/07/08,6.58,6.78,6.78,2412.5,1600295.0,6.62
2004/07/09,6.61,6.72,6.72,1736.86,1155539.0,6.64
2004/07/12,6.31,6.62,6.62,1880.6,1207673.0,6.31
2004/07/13,6.2,6.21,6.39,1771.79,1111234.0,6.33
2004/07/14,6.23,6.3,6.42,1694.71,1071423.0,6.32
2004/07/15,6.23,6.34,6.38,1164.86,736981.0,6.37
2004/07/16,6.37,6.37,6.67,3470.91,2263975.0,6.59
2004/07/19,6.43,6.58,6.63,2060.82,1353090.0,6.55
2004/07/20,6.43,6.55,6.55,1321.83,855578.0,6.48
2004/07/21,6.46,6.48,6.54,1187.1,771598.0,6.54
2004/07/22,6.38,6.54,6.59,1348.8,876653.0,6.38
2004/07/23,6.3,6.37,6.38,1658.13,1048977.0,6.33
2004/07/27,5.98,6.29,6.3,2826.42,1726336.0,6.03
2004/07/28,6.01,6.08,6.2,1673.0,1019258.0,6.18
2004/07/29,6.1,6.15,6.29,1538.75,950115.0,6.28
2004/07/30,6.11,6.25,6.25,1542.4,952084.0,6.13
2004/08/02,6.01,6.09,6.18,739.59,452150.0,6.16
2004/08/03,6.08,6.1,6.22,462.6,284475.0,6.17
2004/08/04,6.2,6.2,6.47,3117.62,1987867.0,6.4
2004/08/05,6.27,6.41,6.41,1453.6,918796.0,6.28
2004/08/06,6.19,6.26,6.31,1290.22,807567.0,6.28
2004/08/09,6.26,6.29,6.38,639.2,403877.0,6.29
2004/08/10,6.22,6.28,6.31,762.8,477407.0,6.26
2004/08/11,6.14,6.24,6.27,923.0,573468.0,6.16
2004/08/12,6.1,6.12,6.38,2532.18,1576988.0,6.37
2004/08/13,6.38,6.38,6.7,11849.65,7813247.0,6.54
2004/08/16,6.28,6.46,6.53,4322.42,2753452.5,6.34
2004/08/17,6.19,6.34,6.36,2635.2,1645392.0,6.22
2004/08/18,6.14,6.22,6.34,1295.68,813470.0,6.25
2004/08/19,6.08,6.2,6.25,2247.88,1378681.0,6.09
2004/08/20,6.03,6.09,6.21,1530.71,935655.0,6.16
2004/08/23,6.02,6.06,6.16,693.4,421296.0,6.09
2004/08/24,6.05,6.05,6.34,1161.12,723639.0,6.26
2004/08/25,6.15,6.24,6.24,657.77,408045.0,6.19
2004/08/26,6.1,6.19,6.3,738.9,457369.0,6.19
2004/08/27,6.1,6.15,6.2,819.5,503070.0,6.12
2004/08/30,6.07,6.12,6.18,511.6,313033.0,6.13
2004/08/31,6.21,6.31,6.55,1597.0,1002418.0,6.23
2004/09/01,6.07,6.16,6.23,811.26,496334.0,6.13
2004/09/02,6.09,6.13,6.24,603.4,371399.0,6.22
2004/09/03,6.15,6.25,6.25,600.0,373677.0,6.22
2004/09/06,6.15,6.22,6.22,418.7,259989.0,6.21
2004/09/07,6.19,6.2,6.23,924.8,573913.0,6.22
2004/09/08,6.16,6.21,6.21,465.99,288395.0,6.16
2004/09/09,6.02,6.13,6.13,944.52,574145.0,6.06
2004/09/10,6.01,6.05,6.2,828.6,504354.0,6.12
2004/09/13,5.67,6.09,6.1,2286.6,1337245.0,5.82
2004/09/14,5.85,5.85,6.19,2507.06,1500407.0,6.01
2004/09/15,6.01,6.02,6.45,6854.31,4320754.0,6.32
2004/09/16,6.3,6.38,6.65,7697.47,4972851.0,6.52
2004/09/17,6.48,6.55,6.69,8763.01,5788039.0,6.69
2004/09/20,6.7,6.7,6.98,13186.11,8991793.0,6.98
2004/09/21,6.72,6.97,7.02,8131.63,5599167.0,6.86
2004/09/22,6.62,6.79,6.88,6696.38,4503388.0,6.67
2004/09/23,6.61,6.68,6.86,4933.02,3311565.0,6.85
2004/09/24,6.63,6.91,6.99,7961.47,5464727.0,6.64
2004/09/27,6.61,6.68,6.78,3729.68,2489011.0,6.68
2004/09/28,6.61,6.65,6.76,2099.61,1404560.0,6.68
2004/09/29,6.5,6.65,6.71,2498.8,1648193.0,6.51
2004/09/30,6.43,6.62,6.62,1785.0,1159118.0,6.44
2004/10/08,6.31,6.44,6.6,2078.39,1342133.0,6.6
2004/10/11,6.45,6.51,6.73,3504.94,2318907.0,6.61
2004/10/12,6.48,6.6,6.6,1651.22,1077702.0,6.49
2004/10/13,6.49,6.5,6.9,4399.67,2960725.0,6.81
2004/10/14,6.2,6.78,6.81,4241.54,2781434.0,6.35
2004/10/15,6.14,6.3,6.35,2534.61,1577059.0,6.2
2004/10/18,6.15,6.25,6.3,1135.26,704785.0,6.26
2004/10/19,6.17,6.17,6.33,1787.6,1115820.0,6.25
2004/10/20,6.01,6.17,6.17,1421.4,863210.0,6.08
2004/10/21,5.87,6.09,6.12,1831.1,1096327.01,5.87
2004/10/22,5.79,5.85,5.96,2225.8,1307820.0,5.93
2004/10/25,5.9,5.98,6.05,1183.4,703136.0,5.94
2004/10/26,5.84,5.9,6.04,883.77,522213.0,6.04
2004/10/27,5.91,6.08,6.18,1899.76,1145502.0,6.16
2004/10/28,6.15,6.15,6.33,3189.02,1993182.0,6.23
2004/10/29,6.13,6.24,6.3,2365.07,1473150.0,6.15
2004/11/01,6.02,6.15,6.18,1239.55,753469.0,6.05
2004/11/02,5.94,5.96,6.04,1187.84,709958.0,5.98
2004/11/03,5.98,6.02,6.13,1551.26,939333.0,6.11
2004/11/04,6.03,6.06,6.17,1072.01,653555.0,6.03
2004/11/05,5.99,6.1,6.1,1038.0,626975.0,6.01
2004/11/08,5.95,6.03,6.05,598.88,359673.0,6.02
2004/11/09,6.0,6.02,6.09,532.9,321548.0,6.05
2004/11/10,6.07,6.18,6.33,4191.93,2619115.0,6.3
2004/11/11,6.3,6.3,6.46,4763.6,3038032.0,6.31
2004/11/12,6.25,6.32,6.35,1431.78,903170.0,6.32
2004/11/15,6.3,6.3,6.46,1550.37,992110.0,6.45
2004/11/16,6.36,6.46,6.46,1290.28,824624.0,6.4
2004/11/17,6.28,6.37,6.38,1350.61,853309.0,6.35
2004/11/18,6.28,6.28,6.44,1617.82,1026772.0,6.44
2004/11/19,6.36,6.45,6.5,2567.17,1656357.0,6.49
2004/11/22,6.46,6.49,6.72,7830.8,5201342.0,6.71
2004/11/23,6.58,6.71,6.72,4517.69,3009199.0,6.7
2004/11/24,6.58,6.68,6.75,3420.6,2280215.0,6.59
2004/11/25,6.43,6.51,6.56,1968.74,1279119.0,6.49
2004/11/26,6.37,6.45,6.55,1613.19,1051957.0,6.55
2004/11/29,6.38,6.5,6.5,1742.94,1118388.0,6.41
2004/11/30,6.35,6.39,6.58,2654.59,1712679.0,6.58
2004/12/01,6.56,6.56,6.78,6465.36,4324658.0,6.62
2004/12/02,6.52,6.62,7.08,24800.86,17176874.0,7.02
2004/12/03,6.88,6.98,7.09,14469.57,10105147.0,7.08
2004/12/06,6.92,7.09,7.1,5525.43,3866481.0,6.95
2004/12/07,6.71,6.93,7.0,5625.9,3848293.0,6.72
2004/12/08,6.71,6.78,6.83,2971.29,2017354.0,6.77
2004/12/09,6.73,6.82,6.98,3536.6,2426544.0,6.9
2004/12/10,6.66,6.88,6.88,3028.91,2038806.0,6.72
2004/12/13,6.56,6.69,6.69,2746.96,1813618.0,6.61
2004/12/14,6.5,6.5,6.89,2490.32,1675046.0,6.63
2004/12/15,6.53,6.68,6.7,1033.07,682620.0,6.66
2004/12/16,6.62,6.63,6.71,803.56,536177.0,6.65
2004/12/17,6.55,6.55,6.69,1327.2,874009.0,6.57
2004/12/20,6.4,6.5,6.56,1771.3,1143639.0,6.4
2004/12/21,6.43,6.43,6.7,1279.0,838967.0,6.5
2004/12/22,6.46,6.6,6.77,3121.54,2085146.0,6.76
2004/12/23,6.64,6.85,6.85,1397.99,939327.0,6.66
2004/12/24,6.56,6.68,6.7,1060.11,700318.0,6.59
2004/12/27,6.59,6.65,6.88,1083.4,720833.0,6.6
2004/12/28,6.42,6.56,6.69,550.6,359907.0,6.64
2004/12/29,6.56,6.61,6.75,902.6,600491.0,6.63
2004/12/30,6.45,6.66,6.66,1054.4,686999.0,6.46
2004/12/31,6.11,6.46,6.55,2668.2,1676079.0,6.2
2005/01/04,6.1,6.18,6.2,848.04,521352.0,6.19
2005/01/05,6.19,6.25,6.33,956.6,598277.0,6.26
2005/01/06,6.18,6.31,6.46,778.99,489760.0,6.24
2005/01/07,6.2,6.33,6.33,887.0,555957.0,6.31
2005/01/10,6.11,6.25,6.34,1238.16,771583.0,6.33
2005/01/11,6.28,6.33,6.47,1174.4,746424.0,6.38
2005/01/12,6.28,6.45,6.45,560.4,353845.0,6.3
2005/01/13,6.21,6.25,6.4,977.59,615646.0,6.38
2005/01/14,6.26,6.27,6.39,669.2,422054.0,6.3
2005/01/17,6.14,6.23,6.24,849.32,525109.0,6.17
2005/01/18,6.11,6.11,6.24,683.72,421504.0,6.2
2005/01/19,6.06,6.2,6.2,1056.76,645522.0,6.07
2005/01/20,6.0,6.02,6.07,1370.8,825493.0,6.04
2005/01/21,5.88,5.98,6.2,1844.88,1121643.0,6.2
2005/01/24,6.25,6.3,6.39,2152.06,1357932.0,6.28
2005/01/25,6.08,6.25,6.25,1191.36,731328.0,6.14
2005/01/26,6.06,6.1,6.15,474.74,289793.0,6.13
2005/01/27,6.0,6.08,6.12,856.8,518594.0,6.05
2005/01/28,5.95,6.05,6.05,1168.71,701464.0,6.03
2005/01/31,5.81,5.91,6.05,2672.0,1590219.0,5.92
2005/02/01,5.83,5.9,6.1,904.0,535825.0,5.97
2005/02/02,5.99,5.99,6.29,3188.91,1959936.0,6.27
2005/02/03,6.07,6.25,6.25,2476.6,1522384.0,6.15
2005/02/04,6.05,6.15,6.4,2662.4,1653828.0,6.26
2005/02/16,6.15,6.26,6.35,2339.4,1460867.0,6.23
2005/02/17,6.14,6.19,6.23,753.4,466008.0,6.21
2005/02/18,6.1,6.22,6.26,1205.0,743283.0,6.11
2005/02/21,6.1,6.12,6.2,2855.48,1755994.0,6.2
2005/02/22,6.22,6.23,6.4,3837.27,2427827.0,6.4
2005/02/23,6.32,6.41,6.47,3475.45,2224658.0,6.42
2005/02/24,6.37,6.4,6.58,4757.46,3092985.0,6.52
2005/02/25,6.46,6.55,6.58,3328.21,2170497.0,6.48
2005/02/28,6.4,6.48,6.52,2707.13,1748868.0,6.47
2005/03/01,6.3,6.46,6.5,2488.52,1585835.0,6.46
2005/03/02,6.35,6.43,6.5,2566.4,1646774.0,6.39
2005/03/03,6.29,6.32,6.39,2115.3,1338486.0,6.39
2005/03/04,6.31,6.36,6.42,887.24,563824.0,6.39
2005/03/07,6.32,6.44,6.44,722.62,458825.0,6.36
2005/03/08,6.35,6.35,6.5,2037.38,1313209.0,6.49
2005/03/09,6.47,6.55,6.55,4072.57,2651548.0,6.5
2005/03/10,6.26,6.5,6.54,2330.0,1489753.0,6.33
2005/03/11,6.23,6.31,6.35,2216.87,1394002.0,6.33
2005/03/14,6.18,6.26,6.26,2532.85,1573924.0,6.23
2005/03/15,6.05,6.21,6.21,2288.0,1397421.0,6.07
2005/03/16,5.96,6.09,6.09,2108.03,1266885.0,6.0
2005/03/17,5.96,6.0,6.05,1245.0,745664.0,5.98
2005/03/18,5.82,6.2,6.2,1898.5,1140913.0,5.9
2005/03/21,5.82,5.93,5.93,1572.28,920709.0,5.85
2005/03/22,5.58,5.85,5.85,3413.6,1933794.0,5.61
2005/03/23,5.58,5.61,5.69,1715.5,963898.0,5.6
2005/03/24,5.59,5.62,5.72,778.6,438508.0,5.71
2005/03/25,5.6,5.73,5.73,727.0,411840.0,5.68
2005/03/28,5.44,5.68,5.68,2207.8,1217847.0,5.53
2005/03/29,5.44,5.53,5.62,1373.61,756609.0,5.46
2005/03/30,5.2,5.44,5.44,2121.1,1116956.0,5.26
2005/03/31,5.15,5.26,5.29,1359.24,705617.0,5.27
2005/04/01,5.15,5.23,5.5,1667.98,892165.0,5.43
2005/04/04,5.23,5.38,5.38,1318.7,697337.0,5.24
2005/04/05,5.13,5.34,5.34,1576.3,815830.0,5.13
2005/04/06,4.99,5.14,5.23,4668.4,2375405.0,5.21
2005/04/07,5.15,5.21,5.42,4122.2,2197383.0,5.34
2005/04/08,5.34,5.34,5.46,3173.21,1712765.0,5.46
2005/04/11,5.38,5.42,5.52,2453.08,1332645.0,5.4
2005/04/12,5.28,5.42,5.43,1538.08,819466.0,5.28
2005/04/13,5.3,5.3,5.45,1898.8,1024988.0,5.4
2005/04/14,5.53,5.53,5.94,29735.74,17611980.0,5.93
2005/04/15,5.52,5.75,5.77,14619.94,8279371.0,5.64
2005/04/18,5.41,5.65,5.73,4278.76,2383063.0,5.46
2005/04/19,5.4,5.5,5.58,3296.71,1800345.0,5.55
2005/04/20,5.18,5.5,5.5,4166.94,2208433.0,5.27
2005/04/21,5.15,5.21,5.34,1809.0,943409.0,5.21
2005/04/22,5.15,5.16,5.25,2336.72,1210383.0,5.17
2005/04/25,5.02,5.13,5.22,2644.89,1353226.0,5.09
2005/04/26,5.04,5.04,5.34,1966.77,1021533.0,5.28
2005/04/27,5.02,5.29,5.31,1734.0,894767.0,5.02
2005/04/28,5.02,5.02,5.32,2795.33,1461618.0,5.26
2005/04/29,5.18,5.18,5.3,1844.21,968953.0,5.24
2005/05/09,5.25,5.33,5.45,3590.4,1903184.0,5.31
2005/05/10,5.05,5.28,5.38,3214.39,1682644.0,5.36
2005/05/11,5.35,5.35,5.48,3264.3,1775887.0,5.47
2005/05/12,5.37,5.44,5.5,2442.7,1327352.0,5.45
2005/05/13,5.29,5.47,5.47,2605.94,1410987.0,5.42
2005/05/17,5.33,5.55,5.55,2133.29,1158222.0,5.37
2005/05/18,5.33,5.33,5.4,1266.26,679361.0,5.4
2005/05/19,5.32,5.35,5.42,1125.1,603515.0,5.38
2005/05/20,5.35,5.35,5.44,868.5,469847.0,5.4
2005/05/23,5.2,5.38,5.39,1580.0,832420.0,5.2
2005/05/24,5.2,5.2,5.39,1279.37,685007.0,5.37
2005/05/25,5.31,5.32,5.4,808.8,434300.0,5.38
2005/05/26,5.22,5.34,5.36,1272.0,670701.0,5.24
2005/05/27,5.2,5.21,5.39,883.14,466315.0,5.3
2005/05/30,5.25,5.3,5.44,2586.48,1384469.0,5.42
2005/05/31,5.35,5.4,5.42,873.0,469886.0,5.38
2005/06/01,5.21,5.37,5.37,1032.0,544252.0,5.25
2005/06/02,5.2,5.21,5.34,910.64,476390.0,5.25
2005/06/03,5.1,5.25,5.29,700.01,365144.0,5.16
2005/06/06,5.02,5.06,5.23,1187.2,608132.0,5.22
2005/06/07,5.16,5.27,5.33,1151.9,605208.0,5.18
2005/06/08,5.19,5.24,5.56,5542.11,3016686.0,5.53
2005/06/09,5.42,5.5,5.58,5729.3,3156288.0,5.51
2005/06/10,5.38,5.48,5.54,2455.74,1336161.0,5.42
2005/06/13,5.34,5.42,5.46,1523.8,822997.0,5.44
2005/06/14,5.37,5.53,5.53,1493.4,813893.0,5.39
2005/06/15,5.21,5.4,5.4,1571.6,827139.0,5.24
2005/06/16,5.2,5.2,5.29,742.02,389796.0,5.29
2005/06/17,5.25,5.28,5.31,602.0,318133.0,5.28
2005/06/20,5.2,5.25,5.45,2046.7,1093068.0,5.45
2005/06/21,5.37,5.49,5.49,2390.46,1298704.0,5.47
2005/06/22,5.17,5.32,5.32,775.8,404702.0,5.27
2005/06/23,5.18,5.2,5.28,1316.4,686554.0,5.2
2005/06/24,5.17,5.17,5.28,1424.11,744846.0,5.28
2005/06/28,5.26,5.48,5.48,4602.11,2451098.0,5.29
2005/06/29,5.21,5.21,5.34,1552.88,819788.0,5.25
2005/06/30,5.2,5.26,5.27,2058.43,1074000.0,5.22
2005/07/01,5.26,5.3,5.44,16367.84,8768966.0,5.38
2005/07/04,5.06,5.28,5.34,5185.03,2672427.0,5.18
2005/07/05,5.08,5.18,5.18,2861.0,1468674.0,5.1
2005/07/06,4.82,5.12,5.12,2977.0,1488046.0,4.86
2005/07/07,4.47,4.82,4.82,6722.86,3078005.0,4.55
2005/07/08,4.4,4.55,4.56,2912.21,1301120.0,4.47
2005/07/11,4.42,4.53,4.64,1709.59,772593.0,4.45
2005/07/12,4.41,4.45,4.72,2888.95,1321895.0,4.64
2005/07/13,4.49,4.58,4.58,1510.25,684094.0,4.49
2005/07/14,4.44,4.5,4.55,1472.6,660236.0,4.48
2005/07/15,4.1,4.47,4.51,4972.77,2084132.0,4.11
2005/07/18,4.0,4.1,4.1,2596.0,1047794.0,4.04
2005/07/19,4.0,4.04,4.09,1194.99,484855.0,4.08
2005/07/20,4.05,4.05,4.19,2255.8,933110.0,4.19
2005/07/21,4.11,4.15,4.19,1746.17,724520.0,4.16
2005/07/22,4.16,4.2,4.31,2941.4,1249375.0,4.22
2005/07/25,4.18,4.23,4.24,985.2,414259.0,4.19
2005/07/26,4.15,4.17,4.34,2558.1,1093450.0,4.31
2005/07/27,4.25,4.31,4.38,4809.97,2073773.0,4.37
2005/07/28,4.31,4.4,4.4,2695.0,1173585.0,4.33
2005/07/29,4.25,4.3,4.41,4798.05,2069091.0,4.4
2005/08/01,4.41,4.41,4.56,9744.73,4389071.0,4.5
2005/08/02,4.36,4.5,4.53,3548.42,1579157.0,4.53
2005/08/03,4.5,4.55,4.62,6054.26,2761847.0,4.53
2005/08/04,4.41,4.55,4.56,2080.3,933019.0,4.45
2005/08/05,4.45,4.45,4.62,5925.99,2690556.0,4.61
2005/08/08,4.6,4.61,4.76,6435.07,3010750.0,4.69
2005/08/09,4.64,4.71,4.8,3926.56,1857727.0,4.8
2005/08/10,4.72,4.79,4.86,6421.13,3081602.0,4.85
2005/08/11,4.83,4.87,4.93,4635.72,2265616.0,4.92
2005/08/12,4.76,4.9,4.95,5691.68,2755866.0,4.8
2005/08/15,4.78,4.81,5.26,9704.97,4910615.0,5.12
2005/08/16,5.01,5.15,5.28,5889.19,3013634.0,5.11
2005/08/17,4.99,5.11,5.21,9248.48,4686145.0,5.2
2005/08/18,5.06,5.22,5.49,15069.29,8004763.0,5.08
2005/08/19,4.98,5.05,5.2,7935.08,4034483.0,5.11
2005/08/22,5.07,5.08,5.17,3118.6,1598475.0,5.16
2005/08/23,5.03,5.1,5.18,2352.0,1198864.0,5.12
2005/08/24,5.09,5.1,5.17,2475.0,1273505.0,5.11
2005/08/25,5.1,5.1,5.24,3250.11,1676749.0,5.23
2005/08/26,5.17,5.25,5.28,3404.63,1782007.0,5.24
2005/08/29,5.01,5.25,5.25,2894.39,1480438.0,5.06
2005/08/30,5.0,5.06,5.07,2923.79,1472271.0,5.02
2005/08/31,5.0,5.0,5.21,3113.72,1600809.0,5.2
2005/09/01,5.14,5.23,5.37,6751.74,3569645.0,5.34
2005/09/02,5.25,5.44,5.44,3198.18,1700623.0,5.3
2005/09/05,5.27,5.3,5.4,3208.41,1718968.0,5.4
2005/09/06,5.17,5.4,5.41,4745.05,2520279.0,5.22
2005/09/07,5.2,5.2,5.35,3455.68,1821363.0,5.34
2005/09/08,5.34,5.34,5.73,19359.08,10810684.0,5.58
2005/09/09,5.5,5.52,5.65,6431.04,3582798.0,5.54
2005/09/12,5.48,5.6,5.6,3950.27,2181865.0,5.57
2005/09/13,5.48,5.57,5.65,7101.38,3952951.0,5.63
2005/09/14,5.55,5.66,5.75,11463.06,6449515.0,5.64
2005/09/15,5.64,5.64,5.81,9503.82,5457024.0,5.8
2005/09/16,5.75,5.86,5.96,7869.61,4593891.0,5.8
2005/09/29,5.41,5.51,5.61,11760.61,6508048.0,5.6
2005/09/30,5.54,5.6,5.7,4573.39,2574982.0,5.66
2005/10/10,5.56,5.7,5.74,3464.25,1943638.0,5.56
2005/10/11,5.45,5.57,5.61,5151.1,2848383.0,5.57
2005/10/12,5.57,5.57,5.8,7441.32,4234390.0,5.8
2005/10/13,5.76,5.8,6.06,13627.18,8141132.0,5.94
2005/10/14,5.8,5.9,5.95,6204.28,3661387.0,5.91
2005/10/17,5.84,5.94,5.98,8899.49,5247466.0,5.89
2005/11/02,3.84,3.85,4.02,21094.19,8289746.0,3.97
2005/11/03,3.88,3.97,4.12,13242.7,5287926.0,4.0
2005/11/04,3.88,4.0,4.07,9938.85,3955468.0,4.02
2005/11/07,3.93,3.95,4.15,6585.02,2671714.0,4.09
2005/11/08,4.05,4.15,4.15,5640.05,2307639.0,4.11
2005/11/09,4.07,4.11,4.26,11898.69,4989956.0,4.24
2005/11/10,4.18,4.24,4.42,21678.4,9349076.0,4.19
2005/11/11,4.11,4.11,4.27,6024.08,2521617.0,4.21
2005/11/14,4.18,4.25,4.25,2994.67,1262253.0,4.25
2005/11/15,4.0,4.25,4.25,9296.51,3830059.0,4.1
2005/11/16,3.94,4.08,4.09,4999.18,2006456.0,4.08
2005/11/17,4.03,4.03,4.15,2451.38,1002087.0,4.06
2005/11/18,4.0,4.0,4.22,9015.85,3745862.0,4.18
2005/11/21,4.15,4.18,4.23,6258.39,2625129.0,4.19
2005/11/22,4.15,4.2,4.28,9345.1,3930527.0,4.19
2005/11/23,4.14,4.16,4.23,4744.32,1994071.0,4.2
2005/11/24,4.18,4.19,4.26,5220.31,2208975.0,4.23
2005/11/25,4.17,4.25,4.25,3711.58,1557583.0,4.17
2005/11/28,4.16,4.16,4.22,1947.0,815524.0,4.2
2005/11/29,4.06,4.21,4.21,4404.15,1817791.0,4.08
2005/11/30,4.06,4.07,4.18,2977.84,1221542.0,4.18
2005/12/01,4.08,4.18,4.18,1987.57,819304.0,4.11
2005/12/02,4.02,4.15,4.15,2642.54,1072217.0,4.02
2005/12/05,3.91,4.01,4.06,3214.6,1275405.0,3.92
2005/12/06,3.91,3.91,3.98,2494.0,986011.0,3.94
2005/12/07,3.9,3.96,3.99,1833.17,724500.0,3.97
2005/12/08,3.91,3.96,3.98,1674.5,659851.0,3.93
2005/12/09,3.91,3.93,4.08,3216.48,1293303.0,4.06
2005/12/12,4.02,4.02,4.11,2443.33,993128.0,4.09
2005/12/13,3.99,4.05,4.08,3071.45,1235325.0,4.06
2005/12/14,4.0,4.03,4.1,3331.82,1350282.0,4.09
2005/12/15,4.05,4.09,4.14,2904.42,1190187.0,4.07
2005/12/16,4.05,4.05,4.13,2792.43,1144608.0,4.13
2005/12/19,4.14,4.15,4.22,6228.28,2602467.0,4.15
2005/12/20,4.11,4.13,4.2,1800.19,746584.0,4.16
2005/12/21,4.09,4.15,4.15,2248.21,924607.0,4.1
2005/12/22,4.05,4.1,4.11,2208.86,901757.0,4.11
2005/12/23,4.08,4.09,4.2,5460.67,2275549.0,4.2
2005/12/26,4.18,4.26,4.26,8223.94,3477351.0,4.23
2005/12/27,4.16,4.21,4.24,4209.06,1767006.0,4.19
2005/12/28,4.17,4.18,4.31,9743.32,4146472.0,4.3
2005/12/29,4.28,4.29,4.35,7340.16,3164774.0,4.31
2005/12/30,4.19,4.31,4.33,4757.0,2019431.0,4.19
2006/01/04,4.11,4.11,4.27,4194.87,1770712.0,4.26
2006/01/05,4.22,4.26,4.32,8737.64,3737677.0,4.31
2006/01/06,4.28,4.28,4.41,16487.89,7198591.0,4.4
2006/01/09,4.35,4.45,4.57,19653.36,8765988.0,4.53
2006/01/10,4.46,4.54,4.58,13654.66,6167739.0,4.57
2006/01/11,4.47,4.56,4.59,13510.86,6105922.0,4.48
2006/01/12,4.43,4.46,4.65,10465.01,4735030.0,4.62
2006/01/13,4.6,4.62,4.88,30143.43,14288991.0,4.77
2006/01/16,4.62,4.7,4.74,18522.09,8641781.0,4.63
2006/01/17,4.51,4.58,4.6,8518.36,3876506.0,4.51
2006/01/18,4.51,4.51,4.68,11534.57,5291051.0,4.62
2006/01/19,4.57,4.6,4.69,11686.11,5404319.0,4.62
2006/01/20,4.5,4.62,4.62,10132.44,4604831.0,4.53
2006/01/23,4.45,4.5,4.6,10063.01,4552331.0,4.6
2006/01/24,4.54,4.6,4.61,9886.77,4524085.0,4.6
2006/01/25,4.38,4.59,4.59,12865.08,5730504.0,4.44
2006/02/06,4.41,4.41,4.62,8736.58,3967311.0,4.59
2006/02/07,4.55,4.6,4.72,12881.15,5982373.0,4.69
2006/02/08,4.57,4.67,4.7,7185.8,3322651.0,4.69
2006/02/09,4.5,4.68,4.69,9461.39,4369279.0,4.57
2006/02/10,4.54,4.54,4.65,5427.13,2498269.0,4.62
2006/02/13,4.61,4.61,4.76,17525.53,8236064.0,4.75
2006/02/14,4.68,4.71,4.77,11138.43,5250671.0,4.74
2006/02/15,4.65,4.76,4.8,7801.56,3674874.0,4.7
2006/02/16,4.43,4.68,4.68,10776.31,4869455.0,4.45
2006/02/17,4.35,4.45,4.5,6889.39,3036624.0,4.35
2006/02/20,4.3,4.31,4.38,6302.99,2734885.0,4.31
2006/02/21,4.17,4.31,4.4,7975.2,3398382.0,4.39
2006/02/22,4.29,4.39,4.39,6580.56,2854035.0,4.33
2006/02/23,4.25,4.31,4.35,3884.91,1662040.0,4.34
2006/02/24,4.3,4.34,4.39,4299.28,1869244.0,4.39
2006/02/27,4.35,4.35,4.45,6190.87,2729027.0,4.4
2006/02/28,4.29,4.38,4.38,3828.18,1654583.0,4.36
2006/03/01,4.34,4.34,4.42,3185.84,1396591.0,4.4
2006/03/02,4.28,4.39,4.4,4302.74,1868105.0,4.29
2006/03/03,4.19,4.28,4.3,4470.81,1892638.0,4.23
2006/03/06,4.19,4.23,4.27,1623.59,688467.0,4.25
2006/03/07,4.06,4.25,4.25,4108.7,1692576.0,4.07
2006/03/08,4.04,4.07,4.1,2804.22,1140037.0,4.08
2006/03/09,4.04,4.1,4.14,3818.83,1560780.0,4.07
2006/03/10,4.06,4.09,4.12,1547.82,632723.0,4.09
2006/03/13,4.08,4.14,4.14,1307.1,538429.0,4.13
2006/03/14,4.1,4.13,4.14,1567.23,644689.0,4.13
2006/03/15,4.1,4.14,4.18,3103.47,1285971.0,4.17
2006/03/16,4.13,4.15,4.24,2931.17,1229313.0,4.19
2006/03/17,4.15,4.15,4.26,3380.12,1422466.0,4.25
2006/03/20,4.22,4.25,4.32,6146.58,2628749.0,4.32
2006/03/21,4.29,4.32,4.45,12518.99,5487356.0,4.34
2006/03/22,4.3,4.32,4.38,4379.41,1895879.0,4.34
2006/03/23,4.25,4.3,4.38,4022.93,1738888.0,4.37
2006/03/24,4.3,4.36,4.37,4378.7,1894529.0,4.33
2006/03/27,4.26,4.27,4.42,4437.05,1937717.0,4.39
2006/03/28,4.27,4.37,4.37,7230.49,3108115.0,4.3
2006/03/29,4.24,4.32,4.34,10371.33,4440884.0,4.3
2006/03/30,4.27,4.33,4.33,7632.29,3280898.0,4.33
2006/03/31,4.34,4.37,4.44,20409.51,8960109.0,4.43
2006/04/03,4.42,4.45,4.53,17722.12,7956056.0,4.48
2006/04/04,4.42,4.52,4.52,10925.42,4871538.0,4.49
2006/04/05,4.44,4.53,4.53,9696.03,4347868.0,4.52
2006/04/06,4.45,4.54,4.54,9083.31,4073485.0,4.48
2006/04/07,4.4,4.48,4.5,10259.09,4540647.0,4.45
2006/04/10,4.45,4.45,4.66,19798.92,9110120.0,4.62
2006/04/11,4.53,4.62,4.65,12369.03,5652472.0,4.55
2006/04/12,4.54,4.55,4.72,20673.43,9597238.0,4.68
2006/04/13,4.42,4.7,4.7,13260.69,6024007.0,4.42
2006/04/14,4.36,4.4,4.55,8880.54,3950480.0,4.51
2006/04/17,4.42,4.51,4.54,9514.95,4285571.0,4.5
2006/04/18,4.39,4.5,4.5,11890.67,5270574.0,4.41
2006/04/19,4.26,4.41,4.42,13126.62,5689164.0,4.32
2006/04/20,4.24,4.31,4.36,8565.78,3682923.0,4.27
2006/04/21,4.21,4.27,4.33,7890.4,3368547.0,4.31
2006/04/24,4.05,4.3,4.3,18105.63,7475567.0,4.08
2006/04/25,4.08,4.08,4.22,7822.41,3263364.0,4.21
2006/04/26,4.16,4.2,4.32,10722.94,4566985.0,4.31
2006/04/27,4.22,4.3,4.3,7396.82,3149471.0,4.25
2006/04/28,4.17,4.25,4.28,7193.5,3038767.0,4.25
2006/05/08,4.21,4.21,4.45,15392.79,6730387.0,4.43
2006/05/09,4.44,4.44,4.64,24643.03,11222936.0,4.64
2006/05/10,4.5,4.65,4.67,21397.57,9813963.0,4.59
2006/05/11,4.5,4.59,5.05,52890.66,25697514.0,4.7
2006/05/12,4.7,4.7,5.02,38521.13,18842248.0,4.99
2006/05/16,5.1,5.2,5.49,79544.39,42779160.0,5.22
2006/05/17,5.11,5.23,5.48,36827.84,19697904.0,5.32
2006/05/18,5.12,5.29,5.3,19302.9,10028192.0,5.26
2006/05/19,5.17,5.24,5.4,19648.42,10469063.0,5.36
2006/05/22,5.33,5.34,5.74,22921.34,12744575.0,5.58
2006/05/23,5.1,5.5,5.5,20397.52,10752011.0,5.1
2006/05/24,4.78,5.12,5.24,23006.61,11450686.0,4.9
2006/05/25,4.85,4.88,4.99,10464.34,5137013.0,4.97
2006/05/26,4.96,4.98,5.1,14535.48,7311981.0,5.09
2006/05/29,5.08,5.09,5.25,13735.62,7096290.0,5.21
2006/05/30,5.04,5.21,5.23,15822.19,8139896.0,5.2
2006/05/31,5.14,5.17,5.72,61162.62,33653420.0,5.72
2006/06/05,5.72,5.84,6.29,45973.28,27205656.0,5.75
2006/06/06,5.65,5.7,5.86,29415.07,16949672.0,5.72
2006/06/07,5.18,5.73,5.77,23145.75,12499568.0,5.19
2006/06/08,5.0,5.22,5.28,15552.56,7989730.0,5.22
2006/06/09,5.05,5.21,5.24,13591.34,7012446.0,5.05
2006/06/12,4.99,5.01,5.14,6356.78,3223853.0,5.1
2006/06/13,5.03,5.11,5.25,6006.02,3090522.0,5.13
2006/06/14,5.07,5.19,5.34,8904.6,4635340.0,5.3
2006/06/15,5.25,5.34,5.4,13695.21,7294335.0,5.38
2006/06/16,5.4,5.44,5.65,21860.54,12105181.0,5.56
2006/06/19,5.48,5.58,5.68,23777.39,13379379.0,5.65
2006/06/21,6.22,6.22,6.22,17204.41,10701143.0,6.22
2006/06/22,6.3,6.84,6.84,91138.48,59402268.0,6.31
2006/06/23,6.23,6.23,6.94,88454.03,58703992.0,6.94
2006/06/26,6.71,6.91,7.1,47157.27,32493220.0,6.82
2006/06/27,6.74,6.91,7.18,47582.6,33215288.0,6.9
2006/06/28,6.82,6.91,7.18,33299.66,23320962.0,6.89
2006/06/29,6.84,6.89,7.16,44406.81,31120576.0,7.06
2006/06/30,6.57,7.06,7.09,59560.19,40275608.0,6.61
2006/07/03,6.68,6.69,6.85,22726.85,15364544.0,6.8
2006/07/04,6.6,6.83,6.88,19971.11,13405208.0,6.72
2006/07/05,6.6,6.7,6.98,22532.33,15365989.0,6.91
2006/07/06,6.89,6.89,7.37,44971.95,32416988.0,7.37
2006/07/07,7.22,7.38,7.49,28015.83,20549228.0,7.36
2006/07/10,7.18,7.33,7.45,21259.25,15614830.0,7.33
2006/07/11,7.21,7.32,7.4,15734.17,11520839.0,7.35
2006/07/12,7.49,7.49,8.02,62216.93,48368544.0,7.73
2006/07/13,7.14,7.69,7.93,54026.81,40411648.0,7.18
2006/07/14,7.02,7.12,7.46,30303.66,22239970.0,7.35
2006/07/17,7.2,7.25,7.4,18166.45,13215495.0,7.4
2006/07/18,7.14,7.41,7.41,12770.82,9251504.0,7.37
2006/07/19,7.01,7.36,7.36,17723.97,12674322.0,7.04
2006/07/20,6.9,7.05,7.14,12558.96,8810642.0,7.05
2006/07/21,7.0,7.01,7.18,9012.81,6378372.0,7.12
2006/07/24,6.96,7.05,7.3,14053.74,10084594.0,7.3
2006/07/25,7.3,7.5,7.56,22112.82,16445659.0,7.43
2006/07/26,7.4,7.45,7.7,30721.87,23230644.0,7.62
2006/07/27,7.25,7.66,7.66,27506.24,20402892.0,7.3
2006/07/28,7.06,7.26,7.36,15806.2,11304528.0,7.21
2006/07/31,6.92,7.21,7.39,16258.63,11516421.0,6.96
2006/08/01,6.61,6.95,6.99,18317.95,12393374.0,6.64
2006/08/02,6.38,6.62,6.67,16743.27,10840049.0,6.53
2006/08/03,6.44,6.55,6.66,7343.23,4822156.0,6.55
2006/08/04,6.29,6.54,6.62,10130.07,6559218.0,6.31
2006/08/07,6.23,6.25,6.41,6463.09,4084743.0,6.3
2006/08/08,6.3,6.3,6.58,9385.93,6038753.0,6.57
2006/08/09,6.51,6.57,6.75,9154.94,6061496.0,6.62
2006/08/11,6.7,6.7,6.97,18120.28,12390674.0,6.87
2006/08/14,6.56,6.88,6.92,15693.2,10606336.0,6.6
2006/08/15,6.55,6.55,6.77,6695.98,4472365.0,6.76
2006/08/16,6.68,6.69,6.89,7618.08,5178634.0,6.87
2006/08/17,6.63,6.85,6.85,6661.45,4461885.0,6.7
2006/08/18,6.59,6.69,6.79,4752.56,3174815.0,6.6
2006/08/21,6.32,6.41,6.7,6478.41,4214794.0,6.68
2006/08/22,6.58,6.65,6.79,7385.85,4963509.0,6.73
2006/08/23,6.4,6.68,7.19,24509.67,17132700.0,7.05
2006/08/24,6.95,7.03,7.41,43152.01,31331980.0,7.38
2006/08/25,7.22,7.4,7.4,17113.54,12491405.0,7.24
2006/08/28,7.23,7.24,7.45,17359.11,12784189.0,7.4
2006/08/29,7.27,7.48,7.53,18712.81,13824621.0,7.28
2006/08/30,7.11,7.28,7.31,14794.1,10626232.0,7.23
2006/08/31,7.2,7.25,7.35,11784.42,8565879.0,7.3
2006/09/01,7.08,7.3,7.36,11824.16,8517186.0,7.09
2006/09/04,7.06,7.11,7.29,10629.22,7653017.0,7.28
2006/09/05,7.28,7.35,7.44,12170.66,8960512.0,7.32
2006/09/06,7.1,7.32,7.37,7603.5,5498329.0,7.22
2006/09/07,7.07,7.25,7.25,5012.47,3577701.0,7.15
2006/09/08,7.1,7.15,7.31,11517.84,8344606.0,7.26
2006/09/11,7.19,7.3,7.52,16726.51,12310061.0,7.51
2006/09/12,7.46,7.47,7.65,19325.11,14582533.0,7.49
2006/09/13,7.22,7.45,7.52,10572.79,7800850.0,7.27
2006/09/14,6.98,7.21,7.27,19511.24,13806882.0,7.06
2006/09/15,7.06,7.14,7.18,8439.93,5998886.0,7.13
2006/09/18,7.08,7.13,7.2,7535.61,5383351.0,7.16
2006/09/19,7.13,7.15,7.26,9914.41,7128625.0,7.17
2006/09/20,7.08,7.15,7.18,6321.64,4515269.0,7.17
2006/09/21,7.05,7.19,7.2,8256.0,5875960.0,7.1
2006/09/22,6.84,7.1,7.16,16272.29,11294824.0,6.9
2006/09/25,6.75,6.86,6.9,8040.53,5473799.0,6.79
2006/09/26,6.8,6.86,7.05,9841.6,6828880.0,6.89
2006/09/27,6.94,6.98,7.09,8667.7,6079814.0,7.07
2006/09/28,7.01,7.11,7.11,8207.61,5805964.0,7.08
2006/09/29,7.08,7.08,7.16,9713.97,6919766.0,7.16
2006/10/09,7.21,7.21,7.4,17481.28,12778189.0,7.35
2006/10/10,7.29,7.38,7.44,15575.25,11469259.0,7.37
2006/10/11,7.45,7.59,8.08,64633.43,50813504.0,7.97
2006/10/12,7.84,7.98,8.24,49184.99,39531424.0,8.09
2006/10/13,7.8,8.05,8.09,24012.0,19020060.0,7.94
2006/10/16,7.87,7.93,8.35,46389.85,37839828.0,8.12
2006/10/17,7.97,8.09,8.19,22614.41,18256178.0,8.02
2006/10/18,7.8,8.01,8.01,17322.04,13709002.0,7.97
2006/10/19,7.85,8.02,8.43,35443.46,29063048.0,8.29
2006/10/20,8.16,8.27,8.4,25006.32,20743084.0,8.33
2006/10/23,8.06,8.33,8.68,40616.73,34129848.0,8.08
2006/10/24,8.02,8.03,8.49,28706.14,23804792.0,8.48
2006/10/25,8.35,8.55,8.87,42015.44,36195728.0,8.66
2006/10/26,8.3,8.66,8.66,21679.85,18232512.0,8.36
2006/10/27,8.01,8.3,8.45,25472.47,20785304.0,8.06
2006/10/30,7.62,7.92,8.11,23210.83,18145980.0,7.81
2006/10/31,7.8,7.8,8.02,15203.8,12011451.0,7.83
2006/11/01,7.7,7.75,7.91,14984.48,11686278.0,7.87
2006/11/02,7.79,7.89,8.04,16321.67,12826258.0,7.88
2006/11/03,7.73,7.88,8.0,29779.37,23534160.0,7.95
2006/11/06,7.8,7.85,7.97,10559.48,8325753.0,7.9
2006/11/07,7.5,7.9,7.9,21301.33,16221802.0,7.6
2006/11/08,7.46,7.6,7.6,10193.14,7653392.0,7.53
2006/11/09,7.53,7.54,7.72,9341.09,7159513.0,7.68
2006/11/10,7.33,7.65,7.72,12290.29,9220550.0,7.38
2006/11/13,6.91,7.38,7.43,14164.55,10072803.0,7.01
2006/11/14,6.98,7.06,7.26,11089.84,7842657.0,7.22
2006/11/15,7.03,7.21,7.25,12658.95,9043381.0,7.22
2006/11/16,7.0,7.22,7.22,16823.02,11911735.0,7.06
2006/11/17,7.08,7.08,7.2,9131.86,6537675.0,7.17
2006/11/20,6.98,7.15,7.15,13118.14,9228791.0,7.01
2006/11/21,6.95,7.05,7.34,28397.14,20286236.0,7.26
2006/11/22,7.2,7.2,7.47,22172.69,16394932.0,7.44
2006/11/23,7.35,7.45,7.5,14342.9,10627938.0,7.41
2006/11/24,7.26,7.4,7.45,14255.84,10450888.0,7.37
2006/11/27,7.25,7.36,7.67,14264.24,10744795.0,7.62
2006/11/28,7.63,7.7,7.92,28250.93,22026064.0,7.82
2006/11/29,7.5,7.78,7.97,16275.76,12701717.0,7.88
2006/11/30,7.85,7.9,8.05,34680.64,27692380.0,8.01
2006/12/01,7.85,8.05,8.05,23369.78,18563018.0,7.94
2006/12/04,7.85,7.93,8.14,25677.25,20570294.0,8.12
2006/12/05,7.9,8.12,8.36,25137.51,20168880.0,7.96
2006/12/06,7.5,7.88,7.96,29931.18,23018408.0,7.6
2006/12/07,7.18,7.61,7.75,19187.57,14623557.0,7.54
2006/12/08,7.24,7.51,7.51,13728.54,10115345.0,7.25
2006/12/11,7.15,7.15,7.56,11246.21,8372475.0,7.56
2006/12/12,7.45,7.45,7.75,10985.84,8341256.0,7.6
2006/12/13,7.5,7.61,7.78,17927.3,13792536.0,7.75
2006/12/14,7.7,7.79,7.96,16000.21,12579857.0,7.92
2006/12/15,7.86,7.98,8.07,22330.8,17778580.0,7.89
2006/12/18,7.84,7.91,8.08,29452.46,23548414.0,8.08
2006/12/19,8.1,8.18,8.79,75844.65,63532228.0,8.69
2006/12/20,8.48,8.58,8.94,47614.16,41382024.0,8.78
2006/12/21,8.6,8.8,8.97,40364.71,35478872.0,8.62
2006/12/22,8.26,8.43,8.67,28687.73,24108644.0,8.39
2006/12/25,8.35,8.46,8.67,20723.92,17638338.0,8.43
2006/12/26,8.38,8.46,8.84,30075.64,25900864.0,8.81
2006/12/28,8.44,9.0,9.0,23124.71,20035562.0,8.45
2006/12/29,8.31,8.45,8.69,25085.53,21211354.0,8.38
2007/01/04,8.45,8.6,8.77,27416.98,23639644.0,8.5
2007/01/05,8.39,8.48,9.0,33390.06,29147820.0,8.9
2007/01/08,8.86,8.86,9.54,41851.2,38850648.0,9.42
2007/01/09,9.35,9.46,9.7,25986.43,24662556.0,9.38
2007/01/10,9.3,9.4,9.85,32604.43,31222156.0,9.84
2007/01/11,9.56,9.8,10.12,28991.72,28423954.0,9.69
2007/01/12,9.09,9.69,9.77,25701.43,24117540.0,9.1
2007/01/15,9.03,9.06,9.64,19407.41,18093976.0,9.63
2007/01/16,9.4,9.59,9.85,25768.9,24778372.0,9.77
2007/01/17,9.0,9.85,9.87,32833.98,31346660.0,9.28
2007/01/18,9.21,9.21,9.78,24668.41,23529220.0,9.72
2007/01/19,9.77,9.77,10.45,42553.26,43454360.0,10.42
2007/01/22,10.47,10.47,11.28,57600.5,62950844.0,11.0
2007/01/23,10.4,11.19,11.19,35758.16,38536384.0,10.82
2007/01/24,10.64,10.82,11.08,23761.59,25787072.0,10.93
2007/01/25,10.0,11.01,11.01,34632.24,36431152.0,10.14
2007/01/26,9.75,10.0,10.45,33092.06,33173142.0,10.05
2007/01/29,10.16,10.16,10.65,24261.46,25163452.0,10.64
2007/01/30,10.35,10.75,10.76,21167.5,22201588.0,10.41
2007/01/31,9.8,10.26,10.48,23200.08,23411858.0,9.82
2007/02/01,9.58,9.76,10.09,19041.26,18680784.0,9.84
2007/02/02,9.7,9.84,10.15,16146.03,15997003.0,9.73
2007/02/05,9.61,9.61,10.09,12347.55,12168876.0,10.0
2007/02/06,10.08,10.08,10.38,13743.78,14105154.0,10.32
2007/02/07,10.18,10.34,10.56,14701.23,15209918.0,10.36
2007/02/08,10.3,10.3,10.65,20779.14,21823642.0,10.56
2007/02/09,10.34,10.55,10.56,12135.11,12651216.0,10.48
2007/02/12,10.51,10.6,11.0,26005.93,28103454.0,10.82
2007/02/13,10.73,10.82,11.42,29612.34,32859766.0,11.3
2007/02/14,11.22,11.3,11.53,23037.09,26206708.0,11.39
2007/02/15,11.4,11.46,11.68,21201.06,24401128.0,11.52
2007/02/16,11.65,11.65,12.08,30878.38,36890004.0,11.89
2007/02/26,11.81,11.81,13.08,34797.87,44017512.0,12.98
2007/02/27,11.68,13.0,13.26,46751.06,57984312.0,11.68
2007/02/28,11.23,11.52,12.13,44856.61,52166656.0,12.07
2007/03/01,11.1,11.98,12.0,28149.8,32381458.0,11.29
2007/03/02,11.21,11.28,11.9,18313.88,21278840.0,11.46
2007/03/05,11.02,11.3,11.69,19994.8,22775118.0,11.48
2007/03/06,11.48,11.48,11.84,20748.43,24322484.0,11.73
2007/03/07,11.75,11.8,12.08,21526.53,25719920.0,12.06
2007/03/08,12.0,12.11,12.39,19612.4,24006808.0,12.32
2007/03/09,11.95,12.32,12.5,29147.05,35673832.0,12.49
2007/03/12,12.66,12.66,13.25,39023.69,50899068.0,13.09
2007/03/13,13.35,13.35,14.4,63031.6,88588568.0,14.4
2007/03/14,13.6,14.5,15.0,93410.93,135875600.0,14.44
2007/03/15,13.98,14.3,14.48,36402.43,52042488.0,14.38
2007/03/16,13.65,14.32,14.7,41246.01,58110580.0,13.71
2007/03/19,13.18,13.23,14.25,36358.56,50592228.0,14.01
2007/03/20,14.01,14.01,15.0,29526.56,43213480.0,14.39
2007/03/21,14.33,14.48,15.69,49290.14,74176552.0,15.4
2007/03/22,15.15,15.57,16.28,44906.26,70533032.0,15.18
2007/03/23,15.18,15.25,15.9,39785.63,61683560.0,15.68
2007/03/26,15.99,15.99,16.4,28621.47,46276832.0,16.18
2007/03/27,15.8,16.32,16.48,31011.76,49889168.0,16.3
2007/03/28,15.13,16.2,16.4,50321.56,79621168.0,16.21
2007/03/29,15.3,16.25,16.3,38042.9,59422796.0,15.46
2007/03/30,15.09,15.3,15.45,31423.31,47884556.0,15.22
2007/04/02,15.37,15.38,16.74,73357.06,119417400.0,16.74
2007/04/03,16.2,17.0,17.1,47240.27,78106304.0,16.42
2007/04/04,16.3,16.43,16.95,40041.31,66572244.0,16.7
2007/04/05,16.41,16.7,16.8,33097.8,55044488.0,16.79
2007/04/06,16.6,16.68,17.45,54168.71,93503704.0,17.33
2007/04/09,17.15,17.38,17.8,46676.11,82003072.0,17.76
2007/04/10,16.0,17.82,17.88,46122.85,80043944.0,17.69
2007/04/11,16.8,17.4,17.55,41966.71,71775272.0,17.24
2007/04/12,16.95,17.28,18.0,52213.34,91014456.0,17.93
2007/04/13,17.06,17.83,17.83,56874.15,98827440.0,17.15
2007/04/16,16.97,17.1,17.38,34567.06,59443640.0,17.29
2007/04/17,16.81,17.25,17.4,46017.47,78956016.0,17.38
2007/04/18,17.42,17.57,18.08,62309.61,111373240.0,17.79
2007/04/19,16.1,17.61,17.61,55824.19,94818992.0,16.52
2007/04/20,16.72,16.8,17.58,35564.26,61343124.0,17.41
2007/04/23,17.51,17.51,19.15,71939.6,132550896.0,18.98
2007/04/24,18.39,18.95,19.0,47084.11,87795040.0,18.52
2007/04/25,17.98,18.4,18.98,40167.27,74167208.0,18.37
2007/04/26,18.53,18.53,19.2,38886.93,73394824.0,18.85
2007/04/27,18.15,18.88,18.96,34448.49,63365696.0,18.32
2007/04/30,17.98,18.28,18.68,37155.15,68011752.0,18.38
2007/05/08,18.68,19.2,19.5,52425.32,100308208.0,19.19
2007/05/09,18.0,19.18,19.2,39940.84,74251264.0,18.77
2007/05/10,18.25,18.9,19.01,35801.53,66828772.0,18.78
2007/05/11,18.09,18.72,18.72,27281.9,50192312.0,18.57
2007/05/14,17.77,17.77,18.84,36727.38,67762016.0,18.71
2007/05/15,18.02,18.75,18.85,29350.24,53825932.0,18.07
2007/05/16,17.91,18.08,19.5,51046.95,96592112.0,19.41
2007/05/17,19.42,19.67,20.35,38232.54,75987248.0,19.62
2007/05/18,19.4,19.7,20.86,47272.63,95355888.0,20.83
2007/05/22,21.35,21.78,22.29,64409.38,139953040.0,21.51
2007/05/23,21.01,21.48,21.9,34508.68,73955056.0,21.56
2007/05/24,21.0,21.68,22.0,31914.65,68255064.0,21.33
2007/05/25,21.04,21.33,22.38,45183.02,98830640.0,22.15
2007/05/28,22.1,22.5,22.98,45587.8,102183496.0,22.29
2007/05/29,21.93,22.29,23.46,55748.18,126908224.0,23.45
2007/05/30,22.2,22.5,25.8,162220.8,394324544.0,24.49
2007/05/31,23.01,24.58,25.62,90964.53,224605504.0,25.24
2007/06/01,22.72,25.41,25.98,79176.98,192265440.0,22.72
2007/06/04,20.45,22.72,23.22,39377.2,81747872.0,20.45
2007/06/05,18.41,19.0,20.0,62392.7,118118440.0,20.0
2007/06/06,13.01,13.5,13.8,35808.51,48010016.0,13.27
2007/06/07,12.8,13.26,13.9,81999.83,110294384.0,13.88
2007/06/08,13.9,14.0,14.58,75157.18,106757672.0,14.1
2007/06/11,13.56,14.36,14.43,74061.73,103030384.0,13.89
2007/06/12,13.55,13.9,14.28,77330.32,108515360.0,14.25
2007/06/13,14.25,14.51,15.28,105019.22,154162608.0,15.28
2007/06/14,14.61,15.15,15.98,94322.9,145834224.0,15.25
2007/06/15,14.88,15.15,15.49,57715.24,87437984.0,15.29
2007/06/18,15.41,15.51,15.99,74592.03,116728200.0,15.49
2007/06/19,15.11,15.4,15.7,51839.93,79926024.0,15.5
2007/06/20,15.2,15.5,16.18,118189.37,186780912.0,15.69
2007/06/21,15.0,15.53,15.98,66687.74,102979480.0,15.27
2007/06/22,13.74,15.44,15.44,73058.74,104963840.0,13.79
2007/06/25,12.41,13.79,14.0,55943.56,72296320.0,12.41
2007/06/26,11.37,11.99,12.25,45302.39,53268752.0,12.22
2007/06/27,12.2,12.22,12.75,40119.66,50169052.0,12.55
2007/06/28,11.3,12.5,12.5,48155.78,56638712.0,11.3
2007/06/29,10.17,11.0,11.05,80422.68,84768624.0,11.01
2007/07/02,11.11,11.11,12.11,73873.6,87115400.0,12.11
2007/07/03,12.15,12.5,12.97,65867.74,82486488.0,12.26
2007/07/04,12.26,12.26,12.82,56520.0,71099456.0,12.52
2007/07/05,11.52,12.48,12.48,35850.53,43009160.0,11.64
2007/07/06,11.03,11.62,12.27,48888.6,57682448.0,12.27
2007/07/09,12.18,12.45,12.63,43102.09,53591948.0,12.38
2007/07/10,11.67,12.38,12.4,26325.87,31579316.0,11.77
2007/07/11,11.45,11.8,12.09,21995.31,25689878.0,11.83
2007/07/12,11.53,11.87,12.0,11050.78,12923628.0,11.77
2007/07/13,11.45,11.77,11.85,15706.62,18100700.0,11.57
2007/07/16,10.86,11.58,11.76,23831.0,26549204.0,10.88
2007/07/17,10.78,10.88,11.19,13216.79,14563271.0,11.09
2007/07/18,10.81,11.1,11.19,15586.65,17145032.0,10.98
2007/07/19,10.85,11.0,11.33,14321.42,15922237.0,11.31
2007/07/20,11.35,11.45,12.2,37441.55,44268272.0,11.99
2007/07/23,11.89,11.89,12.56,48374.13,59673304.0,12.49
2007/07/24,12.34,12.5,12.83,50480.21,63448688.0,12.51
2007/07/25,12.33,12.5,12.72,35984.78,45175944.0,12.69
2007/07/26,12.7,12.7,13.29,48401.53,63114520.0,13.05
2007/07/27,12.7,13.0,13.56,42212.35,55997772.0,13.38
2007/07/30,13.48,13.66,13.87,52263.11,71371944.0,13.49
2007/07/31,13.02,13.52,13.57,44278.61,58633200.0,13.41
2007/08/01,12.65,13.49,13.77,52079.21,68987720.0,12.72
2007/08/02,12.65,12.7,13.18,37151.55,47962700.0,12.98
2007/08/03,12.75,13.06,13.3,52615.46,68539408.0,13.15
2007/08/06,12.88,13.22,13.7,76034.23,102140504.0,13.63
2007/08/07,13.3,13.66,14.25,81218.22,112915328.0,14.06
2007/08/08,13.7,14.06,14.46,82127.03,115868360.0,14.23
2007/08/09,14.2,14.2,14.97,104002.54,152144848.0,14.86
2007/08/10,13.9,15.0,15.09,68010.47,98368584.0,14.35
2007/08/13,13.68,14.3,14.36,53653.85,75114328.0,14.03
2007/08/14,13.9,13.9,14.75,45384.72,65466584.0,14.52
2007/08/15,13.89,14.6,14.85,50117.15,71972120.0,14.44
2007/08/16,14.19,14.54,14.56,44283.76,63547652.0,14.24
2007/08/17,14.15,14.25,14.6,35193.98,50530180.0,14.21
2007/08/20,14.4,14.75,14.8,67518.68,98712832.0,14.75
2007/08/21,14.36,14.89,14.91,67839.77,98316232.0,14.5
2007/08/22,14.2,14.4,14.68,64364.1,93091280.0,14.62
2007/08/23,14.95,14.95,16.08,228094.27,353526528.0,15.97
2007/08/24,15.5,15.88,15.88,89643.67,139984064.0,15.55
2007/08/27,14.75,15.59,15.7,72608.02,109544864.0,14.96
2007/08/28,14.41,14.89,15.17,43810.69,64687212.0,15.13
2007/08/29,14.43,14.95,14.97,31854.59,46753216.0,14.56
2007/08/30,14.51,14.57,15.36,48307.73,72346112.0,15.17
2007/08/31,15.02,15.2,15.6,40500.68,61693944.0,15.05
2007/09/03,15.05,15.05,15.45,50789.31,77392232.0,15.31
2007/09/04,15.05,15.34,15.69,70078.86,107944032.0,15.53
2007/09/05,15.06,15.6,15.8,37921.79,58336436.0,15.3
2007/09/06,15.16,15.45,15.49,45206.56,68936136.0,15.23
2007/09/07,14.5,15.1,15.23,49797.01,73493600.0,14.55
2007/09/10,13.9,14.34,14.58,41241.28,58502296.0,14.49
2007/09/11,13.25,14.5,14.65,38076.53,53839144.0,13.32
2007/09/12,13.03,13.15,13.65,31356.6,41541948.0,13.35
2007/09/13,13.35,13.39,13.6,26058.84,35053548.0,13.55
2007/09/14,13.34,13.54,13.98,28755.33,39144196.0,13.96
2007/09/17,13.65,13.8,14.24,31142.08,43605996.0,14.04
2007/09/18,13.71,14.08,14.1,26627.97,36899892.0,13.84
2007/09/19,13.84,13.85,14.35,27415.67,38587836.0,13.94
2007/09/20,13.92,13.98,14.19,20240.42,28354954.0,13.95
2007/09/21,13.32,13.95,14.1,31672.47,42957824.0,13.61
2007/09/24,13.22,13.61,13.61,27541.19,37060976.0,13.54
2007/09/25,13.57,13.57,14.49,100047.11,140514112.0,14.36
2007/09/26,13.7,14.38,14.41,36463.83,51093232.0,13.81
2007/09/27,13.48,13.81,13.99,26661.94,36335512.0,13.64
2007/09/28,13.65,13.8,13.92,24116.32,33280118.0,13.79
2007/10/08,13.71,14.0,14.17,35295.83,49146944.0,13.9
2007/10/09,13.85,14.0,14.24,28620.43,40369516.0,14.08
2007/10/10,13.81,13.97,14.2,30851.33,43152700.0,13.86
2007/10/11,13.3,13.87,13.95,35287.34,47737460.0,13.4
2007/10/12,12.13,13.4,13.6,44954.89,57353344.0,12.98
2007/10/15,12.31,13.0,13.05,27529.15,34657200.0,12.62
2007/10/16,12.37,12.5,12.87,23192.61,29187420.0,12.8
2007/10/17,12.72,12.8,13.14,17365.6,22410768.0,12.88
2007/10/18,12.4,12.97,13.09,18338.95,23244856.0,12.5
2007/10/19,12.33,12.48,12.78,14655.32,18288832.0,12.4
2007/10/22,12.11,12.32,12.62,13280.37,16364489.0,12.28
2007/10/23,12.26,12.68,12.7,15309.48,18990228.0,12.4
2007/10/24,11.98,12.5,12.68,18198.13,22271670.0,11.99
2007/10/25,10.79,11.86,11.86,30025.29,33580856.0,10.79
2007/10/26,10.55,10.75,11.13,22596.1,24328704.0,10.81
2007/10/29,10.65,10.91,11.2,12694.86,13824710.0,11.19
2007/10/30,10.9,11.21,11.25,13110.13,14488462.0,11.2
2007/10/31,11.22,11.22,11.66,20062.59,23064188.0,11.65
2007/11/01,11.21,11.7,11.7,14022.71,15942787.0,11.23
2007/11/02,10.28,11.23,11.23,119190.61,124472616.0,10.6
2007/11/05,10.32,10.41,10.86,67363.76,71620040.0,10.76
2007/11/06,10.83,10.83,11.27,57935.64,63985140.0,11.0
2007/11/07,11.07,11.15,11.79,107736.67,122320712.0,11.76
2007/11/08,11.56,11.77,12.68,161876.99,197281632.0,12.27
2007/11/09,12.2,12.32,12.92,200925.69,253834368.0,12.73
2007/11/13,11.46,12.83,12.83,204932.9,241119120.0,11.8
2007/11/14,11.56,11.85,12.95,205079.0,256439280.0,12.95
2007/11/15,12.76,13.19,13.62,219359.3,290307296.0,13.22
2007/11/16,12.71,13.02,13.4,106634.34,138750768.0,13.28
2007/11/19,12.96,13.23,13.65,90048.26,119646128.0,13.14
2007/11/20,12.66,13.01,13.49,88279.8,115659208.0,13.2
2007/11/21,12.81,13.3,13.31,63982.6,83471216.0,13.1
2007/11/22,12.16,12.88,13.08,65314.59,82046192.0,12.19
2007/11/23,11.91,11.98,12.53,39982.47,48997392.0,12.46
2007/11/26,11.88,12.61,12.76,66328.05,81874648.0,11.97
2007/11/27,11.5,11.62,11.98,43894.85,51437036.0,11.55
2007/11/29,11.3,11.8,11.85,96703.77,112302208.0,11.61
2007/11/30,10.8,11.58,11.76,218984.5,244974000.0,11.2
2007/12/03,11.1,11.25,11.8,98144.24,113140376.0,11.68
2007/12/04,11.5,11.7,11.89,61672.58,72108864.0,11.69
2007/12/05,11.55,11.6,11.95,70330.93,82728832.0,11.86
2007/12/06,11.6,11.86,11.86,40563.47,47519740.0,11.73
2007/12/07,11.7,11.7,12.26,66171.15,79921272.0,12.25
2007/12/10,12.01,12.06,12.76,78396.72,97605672.0,12.66
2007/12/11,12.32,12.7,12.82,63182.5,79174704.0,12.53
2007/12/12,12.51,12.54,12.95,67400.02,85733472.0,12.75
2007/12/13,12.08,12.63,12.8,63750.22,79376528.0,12.12
2007/12/14,11.75,12.02,12.26,52514.61,63051392.0,12.24
2007/12/17,11.83,12.22,12.65,82572.61,101969288.0,12.48
2007/12/18,12.29,12.45,12.59,40018.58,49823984.0,12.52
2007/12/19,12.6,12.7,13.4,164181.35,213507952.0,13.14
2007/12/20,13.1,13.12,13.4,101688.52,134742864.0,13.13
2007/12/21,13.06,13.06,13.78,133332.62,180395248.0,13.55
2007/12/24,13.46,13.78,14.08,116422.16,160497120.0,13.65
2007/12/25,13.44,13.69,14.15,121633.63,168508080.0,14.09
2007/12/26,14.18,14.25,14.58,126795.38,182802384.0,14.46
2007/12/27,14.0,14.47,14.53,197460.81,281479712.0,14.05
2007/12/28,13.7,14.05,15.37,220954.09,318950656.0,14.94
2008/01/02,14.66,15.06,15.64,146409.08,224321296.0,15.33
2008/01/03,15.23,15.35,15.96,128466.43,200067312.0,15.42
2008/01/04,15.03,15.48,15.6,96298.16,147347520.0,15.49
2008/01/07,15.51,15.51,16.48,136642.45,218858528.0,16.22
2008/01/08,15.35,16.3,16.45,123173.74,195522864.0,15.45
2008/01/09,15.35,15.44,16.18,87427.47,138824400.0,16.05
2008/01/10,15.94,16.0,16.66,90379.22,147911072.0,16.15
2008/01/11,15.52,16.1,16.25,78290.57,123800656.0,15.84
2008/01/14,15.1,15.74,16.17,123556.65,191681520.0,15.93
2008/01/15,15.7,15.78,16.2,66826.57,106210792.0,15.81
2008/01/16,15.3,15.79,15.9,79425.83,123260256.0,15.5
2008/01/17,14.35,15.5,15.8,106898.08,161277904.0,14.84
2008/01/18,14.3,14.7,15.0,67570.32,99231720.0,14.83
2008/01/21,13.78,14.83,14.92,64301.56,92344400.0,13.83
2008/01/22,12.45,13.35,13.77,104839.14,136579312.0,12.55
2008/01/23,12.48,12.8,13.46,87593.0,114103928.0,13.38
2008/01/24,13.2,13.48,13.97,76979.89,105076816.0,13.74
2008/01/25,13.53,13.8,14.09,54693.76,75510320.0,13.72
2008/01/28,12.35,13.61,13.7,70267.74,90610864.0,12.35
2008/01/29,12.3,12.45,12.88,32326.64,40776856.0,12.72
2008/01/30,12.5,12.88,13.43,49645.64,64782728.0,13.2
2008/01/31,13.05,13.22,13.48,36687.44,48655864.0,13.11
2008/02/01,12.02,13.06,13.23,44735.7,56121276.0,12.67
2008/02/04,13.06,13.06,13.82,53334.99,71754112.0,13.82
2008/02/05,13.41,13.6,13.87,33243.0,45306068.0,13.57
2008/02/13,13.1,13.46,13.96,41792.67,57072784.0,13.81
2008/02/14,13.8,13.89,14.3,43547.26,61540648.0,14.08
2008/02/15,13.56,13.83,13.97,31315.44,43061612.0,13.89
2008/02/18,13.94,14.17,14.4,44660.78,63511356.0,14.13
2008/02/19,14.01,14.18,14.5,54894.7,78395560.0,14.47
2008/02/20,13.85,14.47,14.58,53892.0,76593384.0,14.11
2008/02/21,13.62,14.09,14.24,45717.85,63693512.0,14.08
2008/02/22,13.38,14.08,14.08,48954.58,66638052.0,13.48
2008/02/25,12.8,13.42,13.6,45001.27,58948352.0,12.97
2008/02/26,12.81,13.24,13.5,37611.84,49559148.0,13.34
2008/02/27,13.21,13.28,13.65,28233.0,38088876.0,13.5
2008/02/28,13.43,13.65,13.76,26359.69,35867440.0,13.54
2008/02/29,13.58,13.63,14.12,47783.69,66422140.0,14.1
2008/03/03,13.89,14.01,14.6,63306.14,91031312.0,14.44
2008/03/04,14.06,14.58,14.98,90831.42,132281208.0,14.15
2008/03/05,14.11,14.14,14.67,53939.02,77590344.0,14.55
2008/03/06,14.38,14.69,14.85,51469.87,75262440.0,14.43
2008/03/07,13.82,14.46,14.48,40349.7,56899012.0,14.1
2008/03/10,13.27,13.8,14.05,48967.86,66278220.0,13.36
2008/03/11,13.21,13.35,13.75,23286.08,31430526.0,13.64
2008/03/12,13.0,13.98,13.98,30785.14,41391596.0,13.06
2008/03/13,12.21,12.95,13.28,36786.19,47192528.0,12.66
2008/03/14,12.3,12.8,12.8,27847.28,34928732.0,12.58
2008/03/17,11.69,12.5,12.67,30365.21,36796196.0,11.72
2008/03/18,10.55,11.7,11.88,51792.28,57230152.0,10.81
2008/03/19,10.88,11.01,11.5,38044.82,42438884.0,11.25
2008/03/20,10.38,10.98,11.87,42527.67,47359292.0,11.59
2008/03/21,11.44,11.5,11.95,28362.08,33079050.0,11.64
2008/03/24,11.51,11.8,12.1,47599.09,56395648.0,11.68
2008/03/25,11.22,11.48,12.38,68821.31,82661488.0,12.36
2008/03/26,12.1,12.48,12.73,85381.58,106554744.0,12.2
2008/03/27,11.25,11.85,12.0,43262.59,50473608.0,11.36
2008/03/28,10.88,11.2,11.92,36060.85,41158092.0,11.81
2008/03/31,11.2,11.5,11.72,18490.41,21191652.0,11.39
2008/04/01,10.25,11.3,11.52,34678.96,37061920.0,10.37
2008/04/02,10.2,10.52,10.98,45902.05,48618908.0,10.42
2008/04/03,9.8,10.3,10.79,32626.44,33358950.0,10.59
2008/04/07,10.33,10.33,11.49,38056.04,42063156.0,11.41
2008/04/08,11.29,11.42,11.77,38373.66,44217032.0,11.54
2008/04/09,10.82,11.45,11.77,42746.54,48358804.0,10.94
2008/04/10,10.67,10.8,11.75,49924.75,56351296.0,11.72
2008/04/11,11.55,11.75,11.91,42593.16,50012264.0,11.64
2008/04/14,10.73,11.35,11.4,29087.98,32117892.0,10.76
2008/04/15,10.67,10.78,11.56,26303.55,28915200.0,11.42
2008/04/16,10.88,11.43,11.43,23092.1,25741816.0,10.9
2008/04/17,10.48,11.01,11.24,21787.29,23528356.0,10.63
2008/04/18,10.02,10.45,10.59,22806.23,23373558.0,10.08
2008/04/21,10.02,10.9,10.98,35965.57,37744900.0,10.09
2008/04/22,9.08,9.7,9.7,63399.04,58412584.0,9.26
2008/04/23,9.04,9.13,9.76,49411.25,46297472.0,9.62
2008/04/24,10.15,10.5,10.58,92230.87,96043904.0,10.57
2008/04/25,10.25,10.3,11.09,77627.91,82770704.0,10.56
2008/04/29,10.37,10.56,10.68,38599.13,40577556.0,10.56
2008/04/30,10.57,10.6,10.94,51857.25,56070768.0,10.92
2008/05/05,10.85,11.04,11.35,61768.42,68214376.0,11.28
2008/05/06,10.91,11.1,11.3,53051.91,58865296.0,10.96
2008/05/07,10.3,10.86,11.05,52985.64,56643988.0,10.38
2008/05/08,10.53,10.6,11.42,90202.74,99515904.0,11.4
2008/05/09,10.9,11.31,11.56,68528.94,77082736.0,11.41
2008/05/12,11.27,11.4,12.1,99343.96,117183280.0,11.89
2008/05/13,11.32,11.52,11.91,86040.73,99485664.0,11.46
2008/05/14,7.6,7.61,7.85,44215.93,34144568.0,7.71
2008/05/15,7.52,7.7,7.85,78887.12,60317916.0,7.54
2008/05/16,7.18,7.48,7.63,62024.44,45928368.0,7.29
2008/05/19,7.1,7.3,7.38,37496.09,27152960.0,7.34
2008/05/20,6.83,7.35,7.43,48227.44,34670124.0,6.88
2008/05/21,6.5,6.78,7.0,60774.84,40795392.0,6.95
2008/05/22,6.74,6.87,7.2,82018.42,56895880.0,7.0
2008/05/23,6.65,6.91,6.99,40168.69,27470442.0,6.77
2008/05/26,6.44,6.71,6.71,36330.07,23837496.0,6.5
2008/05/27,6.5,6.58,6.69,26418.54,17492420.0,6.66
2008/05/28,6.58,6.68,6.89,35368.98,23922248.0,6.81
2008/05/29,6.55,6.81,6.81,26030.24,17416360.0,6.57
2008/05/30,6.54,6.54,6.8,31638.09,21190176.0,6.77
2008/06/02,6.72,6.78,6.98,36197.63,24906832.0,6.88
2008/06/03,6.7,6.89,6.97,22953.49,15578716.0,6.83
2008/06/04,6.53,6.75,6.78,19037.6,12608299.0,6.66
2008/06/05,6.52,6.63,6.73,17065.19,11332699.0,6.62
2008/06/06,6.53,6.6,6.72,15476.55,10225243.0,6.57
2008/06/10,5.91,6.2,6.25,33765.82,20332248.0,5.91
2008/06/11,5.38,5.8,5.89,50002.85,27807148.0,5.42
2008/06/12,5.15,5.44,5.52,43056.94,22833136.0,5.35
2008/06/13,5.05,5.39,5.49,27916.52,14654223.0,5.07
2008/06/16,4.87,5.03,5.18,22191.99,11187067.0,5.03
2008/06/17,4.66,5.01,5.07,30772.99,14899181.0,4.66
2008/06/18,4.48,4.6,4.99,39054.17,18760006.0,4.93
2008/06/19,4.44,4.88,4.88,40274.27,18624862.0,4.44
2008/06/20,4.24,4.5,4.73,31800.96,14431433.0,4.51
2008/06/23,4.37,4.46,4.58,13882.99,6218693.0,4.47
2008/06/24,4.46,4.48,4.69,22583.4,10387112.0,4.64
2008/06/25,4.61,4.66,4.93,37564.38,18097288.0,4.92
2008/06/26,4.8,4.92,5.14,63643.64,31495644.0,5.12
2008/06/27,4.61,4.95,4.98,55312.84,26475902.0,4.63
2008/06/30,4.46,4.49,4.74,21835.33,10128104.0,4.67
2008/07/01,4.45,4.69,4.73,20760.17,9455921.0,4.53
2008/07/02,4.5,4.53,4.76,24028.73,11214190.0,4.65
2008/07/03,4.51,4.55,4.98,46392.55,22398060.0,4.91
2008/07/04,4.8,4.9,4.97,24603.7,11988271.0,4.82
2008/07/07,4.82,4.82,5.16,50292.2,25304632.0,5.11
2008/07/08,4.96,5.15,5.2,56266.04,28656044.0,5.17
2008/07/09,5.19,5.23,5.44,92437.95,48921712.0,5.43
2008/07/10,5.29,5.39,5.6,115742.6,63435852.0,5.38
2008/07/11,5.18,5.3,5.44,82232.53,43563140.0,5.42
2008/07/14,5.27,5.27,5.56,61496.85,33672912.0,5.55
2008/07/15,5.23,5.63,5.64,88616.47,48028920.0,5.41
2008/07/16,4.96,5.36,5.42,66109.2,34633980.0,5.19
2008/07/17,5.0,5.25,5.34,109685.6,57247080.0,5.29
2008/07/18,5.24,5.35,5.53,109602.37,59383124.0,5.45
2008/07/21,5.35,5.49,6.0,210851.78,122570200.0,5.93
2008/07/22,5.81,5.88,6.03,100775.12,59715672.0,5.88
2008/07/23,5.68,5.93,5.99,107865.57,62314096.0,5.71
2008/07/24,5.7,5.78,5.94,82478.98,47980940.0,5.83
2008/07/25,5.64,5.76,5.76,57759.9,32867336.0,5.65
2008/07/28,5.66,5.73,5.76,37557.83,21443740.0,5.69
2008/07/29,5.43,5.62,5.7,46394.0,25610602.0,5.45
2008/07/30,5.4,5.55,5.62,37640.26,20710972.0,5.43
2008/07/31,5.2,5.49,5.55,35858.53,19045652.0,5.21
2008/08/01,5.03,5.18,5.37,37759.33,19724780.0,5.33
2008/08/04,5.09,5.33,5.33,23984.0,12513520.0,5.15
2008/08/05,5.03,5.2,5.2,20674.92,10578856.0,5.06
2008/08/06,5.0,5.1,5.15,19015.6,9625471.0,5.07
2008/08/07,5.0,5.12,5.15,18337.88,9307463.0,5.09
2008/08/08,4.58,5.09,5.12,51450.5,24696448.0,4.58
2008/08/11,4.12,4.58,4.67,34751.59,14892832.0,4.12
2008/08/12,3.88,4.07,4.16,61206.42,24569510.0,4.04
2008/08/13,3.9,4.0,4.15,33986.63,13676008.0,4.08
2008/08/14,4.01,4.05,4.17,17967.47,7390480.0,4.12
2008/08/15,4.08,4.13,4.18,21241.58,8786895.0,4.15
2008/08/18,3.76,4.18,4.2,25954.5,10187934.0,3.76
2008/08/19,3.72,3.77,3.9,21580.34,8280331.0,3.89
2008/08/20,3.8,3.85,4.26,54448.33,22526336.0,4.25
2008/08/21,4.04,4.2,4.25,36804.28,15202148.0,4.06
2008/08/22,3.85,4.05,4.06,21078.49,8317581.0,3.96
2008/08/25,3.92,4.01,4.05,13248.74,5292731.0,3.97
2008/08/26,3.7,3.94,3.94,21699.22,8231092.0,3.77
2008/08/27,3.7,3.73,3.91,14949.59,5689127.0,3.85
2008/08/28,3.77,3.86,3.93,20825.68,8041960.0,3.87
2008/08/29,3.9,3.91,4.09,32544.91,13079632.0,4.04
2008/09/01,3.84,4.04,4.04,19727.63,7715018.0,3.91
2008/09/02,3.84,3.88,4.03,18072.5,7138116.0,3.96
2008/09/03,3.92,3.96,4.06,34146.38,13703421.0,4.04
2008/09/04,3.98,4.06,4.14,31403.68,12781619.0,4.07
2008/09/05,3.81,3.9,3.92,33330.4,12889136.0,3.85
2008/09/08,3.59,3.83,3.88,22100.57,8204807.0,3.63
2008/09/09,3.58,3.62,3.73,12996.02,4730939.0,3.67
2008/09/10,3.6,3.62,3.8,14679.72,5462012.0,3.71
2008/09/11,3.6,3.71,3.72,12185.31,4439891.0,3.62
2008/09/12,3.58,3.58,3.7,10378.5,3795538.0,3.65
2008/09/16,3.5,3.67,3.68,17090.46,6155847.0,3.56
2008/09/17,3.44,3.53,3.62,17206.36,6052292.0,3.46
2008/09/18,3.13,3.4,3.54,34663.75,11477261.0,3.42
2008/09/19,3.65,3.76,3.76,34683.78,12982957.0,3.76
2008/09/22,3.83,4.07,4.13,87933.26,35142840.0,3.96
2008/09/23,3.68,3.8,3.87,46531.85,17472478.0,3.7
2008/09/24,3.59,3.59,3.8,29350.78,10867981.0,3.79
2008/09/25,3.72,3.81,3.91,43269.3,16711568.0,3.89
2008/09/26,3.84,3.91,3.98,37964.49,14886192.0,3.92
2008/10/06,3.62,3.82,3.82,28023.95,10455448.0,3.63
2008/10/07,3.41,3.5,3.65,21109.53,7490969.0,3.58
2008/10/08,3.41,3.49,3.52,20043.47,6940026.0,3.42
2008/10/09,3.42,3.51,3.55,17962.9,6248142.0,3.42
2008/10/10,3.21,3.3,3.3,17592.72,5734745.0,3.25
2008/10/13,3.0,3.17,3.32,25374.03,8040135.0,3.31
2008/10/14,3.17,3.38,3.44,25920.47,8628087.0,3.18
2008/10/15,3.09,3.18,3.21,16889.12,5310275.0,3.21
2008/10/16,3.02,3.08,3.13,14900.31,4576726.0,3.02
2008/10/17,3.0,3.1,3.1,15493.73,4737168.0,3.08
2008/10/20,3.01,3.09,3.22,17466.4,5461212.0,3.17
2008/10/21,3.11,3.17,3.21,21534.03,6800265.0,3.14
2008/10/22,3.06,3.12,3.18,13759.92,4291810.0,3.07
2008/10/23,3.01,3.06,3.15,15396.72,4779764.0,3.14
2008/10/24,3.06,3.14,3.17,11543.61,3589863.0,3.09
2008/10/27,2.78,2.99,3.04,39170.35,11271786.0,2.78
2008/10/28,2.75,2.77,2.93,35812.94,10217758.0,2.91
2008/10/29,2.79,2.95,2.97,25628.89,7362589.0,2.79
2008/10/30,2.8,2.81,2.9,22113.27,6296541.0,2.84
2008/10/31,2.79,2.84,2.85,18378.04,5178223.0,2.81
2008/11/03,2.75,2.81,2.83,11858.2,3318219.0,2.81
2008/11/04,2.72,2.81,2.97,36017.19,10283640.0,2.9
2008/11/05,2.86,2.9,3.0,41339.36,12178783.0,2.96
2008/11/06,2.8,2.86,2.9,23343.87,6661888.0,2.89
2008/11/07,2.82,2.83,2.96,21904.81,6388210.0,2.92
2008/11/10,2.99,2.99,3.15,58178.03,17856382.0,3.12
2008/11/11,3.05,3.14,3.17,51160.85,15953051.0,3.07
2008/11/12,3.01,3.03,3.15,29472.8,9105116.0,3.14
2008/11/13,3.05,3.1,3.35,85304.08,27839952.0,3.32
2008/11/14,3.28,3.36,3.44,90757.77,30607100.0,3.43
2008/11/17,3.36,3.43,3.67,106419.07,37295620.0,3.61
2008/11/18,3.25,3.58,3.65,106526.46,36606924.0,3.25
2008/11/19,3.21,3.21,3.57,69244.1,23528204.0,3.51
2008/11/20,3.35,3.45,3.55,69923.69,24190344.0,3.49
2008/11/21,3.25,3.36,3.5,61012.26,20660508.0,3.41
2008/11/24,3.25,3.38,3.46,40607.62,13627996.0,3.25
2008/11/25,3.16,3.31,3.34,30431.54,9894747.0,3.24
2008/11/26,3.19,3.23,3.29,25965.0,8428375.0,3.24
2008/11/27,3.35,3.46,3.49,131512.13,44989616.0,3.45
2008/11/28,3.46,3.47,3.8,433626.82,160090496.0,3.8
2008/12/01,3.87,3.87,4.18,424244.15,172983472.0,4.18
2008/12/02,3.98,4.28,4.55,450712.82,189997280.0,4.05
2008/12/03,4.01,4.03,4.33,332074.7,137923648.0,4.17
2008/12/04,4.03,4.18,4.3,291328.7,122147192.0,4.04
2008/12/05,3.97,4.01,4.14,200778.6,81341592.0,4.13
2008/12/08,4.12,4.15,4.46,261669.7,112506288.0,4.38
2008/12/09,4.15,4.39,4.39,150441.43,63838000.0,4.19
2008/12/10,4.18,4.19,4.56,207274.77,90504712.0,4.42
2008/12/11,4.17,4.42,4.58,195978.26,86310232.0,4.19
2008/12/12,3.82,4.12,4.18,154021.25,61187956.0,3.89
2008/12/15,3.75,3.96,4.01,125114.85,48371552.0,3.91
2008/12/16,3.72,3.86,3.96,85274.93,32759708.0,3.96
2008/12/17,3.92,3.99,4.09,108826.03,43612772.0,3.97
2008/12/18,3.9,3.97,4.09,88429.33,35427248.0,4.07
2008/12/19,4.05,4.05,4.32,159347.92,66950960.0,4.18
2008/12/22,4.13,4.17,4.32,124767.18,52826488.0,4.27
2008/12/23,3.84,4.27,4.28,140337.31,56315776.0,3.85
2008/12/24,3.69,3.78,3.88,82667.05,31190088.0,3.75
2008/12/25,3.68,3.77,3.82,51400.22,19332108.0,3.76
2008/12/26,3.73,3.76,3.84,36248.07,13709597.0,3.75
2008/12/29,3.53,3.75,3.78,42856.38,15685423.0,3.78
2008/12/30,3.61,3.79,3.8,33137.29,12259552.0,3.64
2008/12/31,3.6,3.67,3.78,47638.46,17638966.0,3.64
